id,home,office,onthego,cafe,other,selection_ct
gMR29l,,,,,,0
BkPN0e,,,,,,0
W5G8jj,,,,,,0
4xWgGr,,,,,,0
QD27Q8,,,,,,0
V0LPeM,,,,,,0
V0Gaxg,1,1,1,1,0,4
AdzRL0,,,,,,0
LbWda2,0,0,0,1,0,1
EXQLWN,,,,,,0
2eNLJg,,,,,,0
xpa2K9,0,0,0,0,0,0
V00RoJ,0,0,0,0,0,0
7WWB4A,1,1,1,1,0,4
pKL8aB,0,1,0,0,0,1
Zd694B,1,1,0,1,0,3
QAeYZY,0,1,0,1,0,2
QA5JYA,1,1,1,0,0,3
Rz5BPj,0,0,0,1,0,1
jyDqva,0,1,0,0,0,1
eB7QoJ,1,0,0,0,0,1
24xzlg,1,0,0,0,0,1
DVvoqX,1,1,1,0,0,3
1r2YJQ,1,1,1,1,0,4
24xYOV,1,0,0,0,0,1
AlbYao,1,1,0,0,0,2
J2krYz,1,0,0,1,0,2
WAp6ak,0,0,0,0,0,0
aBr18q,1,0,1,0,0,2
42NYWO,,,,,,0
6dQ08e,1,0,1,1,0,3
J2kj9J,,,,,,0
8dpDNA,,,,,,0
EPbVlL,1,0,0,0,0,1
ylqbBg,1,1,1,1,0,4
vNx6A4,,,,,,0
KMB2og,,,,,,0
qbEQPO,1,1,0,1,0,3
9dJ0O5,1,1,0,1,0,3
BGboZR,1,0,1,1,0,3
oAVNdO,1,0,0,0,0,1
YZzBdN,1,1,0,0,0,2
VZ17Z6,1,1,0,0,0,2
RzBeZj,1,0,0,0,0,1
0Ej0GZ,1,1,0,1,0,3
eBxO4l,,,,,,0
WApbkQ,1,0,0,1,0,2
0Ej0WA,1,0,0,0,0,1
9dJYlQ,1,1,0,0,0,2
BGbJzQ,1,1,1,0,0,3
OABqpR,1,0,0,0,0,1
bl41Zg,0,0,0,1,0,1
GrBVrk,0,0,1,0,0,1
WApbYk,1,1,0,0,0,2
eBxG20,1,1,0,0,0,2
24x9NA,1,0,0,0,0,1
NAB2qB,1,0,0,0,0,1
RzBqoJ,1,0,0,0,0,1
jB98xY,0,0,1,0,0,1
LdMxB2,1,1,1,0,0,3
GrBOrz,,,,,,0
5dqajd,1,0,0,1,0,2
VZ1W0E,1,0,0,1,0,2
NABN5G,1,0,0,0,0,1
6dQY8o,1,1,1,1,0,4
WAp6va,1,0,0,0,0,1
EPbVGA,1,1,0,1,0,3
OABqQp,0,1,1,1,0,3
DVvOop,1,0,0,0,0,1
KMBrLz,1,1,0,0,0,2
jB9r21,1,0,0,1,0,2
pLPYLE,0,1,1,0,0,2
oAV8yX,1,0,0,0,0,1
aBrp0W,1,0,0,0,0,1
g5NPxK,1,1,0,0,0,2
bl41kE,1,0,1,1,0,3
GrBO1z,1,1,0,0,0,2
xdN8Q9,1,0,1,1,0,3
vNx8Xv,1,0,0,0,0,1
dY2JPN,1,0,0,1,0,2
MAdjLE,1,0,0,0,0,1
6dQ6xo,1,1,0,0,0,2
7d97lZ,1,1,0,0,0,2
0EjqPQ,1,0,0,0,0,1
BGbJD4,0,1,0,0,0,1
9dJYbp,1,1,0,0,0,2
xdNbJ9,1,1,1,1,0,4
EPbVLl,1,1,1,0,0,3
pLPNQJ,1,0,1,0,0,2
AlbMLW,1,0,0,1,0,2
EPboPq,1,0,0,0,0,1
ylq8yW,1,1,1,1,0,4
J2kEDz,1,1,0,0,0,2
24x9Lg,1,0,0,0,0,1
0EjYb6,1,0,0,0,0,1
ZdRb6a,1,0,0,0,0,1
WApbdP,1,1,0,0,0,2
24xY69,1,0,0,0,0,1
RzBqWd,1,0,0,0,0,1
RzBqLv,1,1,0,1,0,3
oAV8d5,1,0,0,1,0,2
oAV8OM,1,0,0,0,0,1
AlbYyW,0,1,0,0,0,1
KMB4kk,1,1,0,0,0,2
42N0Kd,1,1,0,1,0,3
0Ej0VZ,1,0,0,0,0,1
rlrQQo,1,0,1,1,0,3
vNx84X,1,0,0,0,0,1
OABxLk,1,0,0,1,0,2
MAd2V0,1,0,0,0,0,1
8dpbGk,1,0,0,1,0,2
zKQ8ja,1,1,0,0,0,2
YZzBLJ,1,0,0,0,0,1
QABNdl,1,0,0,0,0,1
8dpbko,1,0,0,0,0,1
XeB6Ee,1,1,0,0,0,2
KMBroK,1,0,1,0,0,2
24x9rg,1,0,0,0,0,1
dY2JjD,1,1,0,0,0,2
LdMjyz,1,0,0,0,0,1
9dJYM1,1,1,1,1,0,4
kYR4rj,1,1,1,1,0,4
pLPN7q,1,0,0,1,0,2
6dQ0eO,1,1,0,0,0,2
42NlLd,1,0,0,1,0,2
LdMxaj,1,0,0,1,0,2
BGbJZ4,1,0,0,0,0,1
J2kER7,1,1,0,0,0,2
eBxgQO,0,0,0,0,1,1
J2kELz,1,0,0,0,0,1
LdMjqJ,0,0,1,0,0,1
oAVNeM,1,0,0,0,0,1
oAVZ95,1,1,0,0,0,2
eBxGvE,1,1,1,1,0,4
g5NPYO,1,1,1,1,0,4
xdNbxo,1,0,0,1,0,2
zKQ8ZZ,1,1,1,1,0,4
rlrQxl,1,1,0,1,0,3
VZ1W8N,1,0,0,1,0,2
WAp6PN,1,1,1,1,0,4
DVvo9l,1,0,1,0,0,2
ylqAdB,1,0,0,0,0,1
rlrQP2,1,1,0,0,0,2
EPbo0L,1,1,1,0,0,3
ylqAY6,1,0,0,1,0,2
AlbR7B,1,0,0,0,0,1
EPbVxA,1,0,0,1,0,2
BGboo4,1,0,0,1,0,2
dY2GGD,0,0,1,0,0,1
oAV8o5,1,0,0,0,0,1
WApa9N,0,1,0,0,0,1
BGbJE5,0,0,0,0,1,1
0EjzA9,1,0,1,1,0,3
vNx6YX,1,1,1,0,0,3
WApaAQ,1,0,0,0,0,1
J2krZX,1,1,0,0,0,2
oAVN6V,1,0,0,0,0,1
VZ1WVN,1,0,0,1,0,2
42Nlko,1,1,0,0,0,2
RzBq4P,1,0,0,0,0,1
1r2QM4,1,0,0,1,0,2
LdM4d2,0,1,1,0,0,2
42N0dB,0,1,0,1,0,2
jB98M9,1,0,0,0,0,1
1r205O,1,0,0,0,0,1
5dq0yE,1,1,1,0,0,3
YZzb4N,1,0,0,0,0,1
QABq7Y,1,0,0,0,0,1
PABQDd,1,0,0,0,0,1
9dJY7E,1,1,0,1,0,3
24xYgM,1,1,0,0,0,2
KMB25K,1,0,0,0,0,1
RzBqzP,1,1,0,0,0,2
GrBEvo,1,1,0,1,0,3
rlrQrv,1,0,1,0,0,2
LdMxpz,1,1,1,0,0,3
ZdRblA,1,0,0,0,0,1
bl4My7,1,0,0,0,0,1
XeB72d,1,0,1,1,0,3
zKQBXq,1,0,0,1,0,2
rlr9Yv,1,1,0,0,0,2
dY2GNy,1,0,0,1,0,2
zKQA18,1,0,1,0,0,2
ZdRAAV,1,0,1,0,0,2
VZ17Ev,1,1,0,1,0,3
NAB2Ab,1,0,0,1,0,2
rlr9yM,1,1,0,0,0,2
5dqYbv,1,0,0,0,0,1
AlbRKW,1,1,0,1,0,3
ylqb6X,1,1,0,0,0,2
dY2o6d,1,1,1,1,0,4
dY2oKz,1,1,0,0,0,2
oAVN61,1,1,1,1,0,4
rlr9yv,1,0,0,0,0,1
kYR4Nr,1,1,1,1,0,4
zKQ4kq,1,0,0,0,0,1
RzBeoP,1,0,0,0,0,1
24xYJL,1,0,0,1,0,2
ZdRAWA,1,1,0,0,0,2
rlr9OL,1,0,0,1,0,2
PABQdQ,1,1,1,0,0,3
1r20NQ,1,1,0,1,0,3
qbEqj2,1,1,0,0,0,2
g5NV9P,1,1,0,0,0,2
42NY8Y,1,1,0,0,0,2
GrBVJp,1,0,0,0,0,1
7d90RL,1,0,0,1,0,2
lNl8WV,0,1,0,1,0,2
vNxaEA,1,0,1,1,0,3
0EjY5P,1,0,0,0,0,1
eBxO5q,1,0,0,0,0,1
blx47Z,1,1,0,1,0,3
lNlXyB,0,1,0,0,0,1
1r2Yx4,1,0,0,0,0,1
1r20WM,1,0,0,0,0,1
J2krad,1,0,0,0,0,1
DVvo05,1,0,1,0,0,2
VZ1aJj,1,0,0,0,0,1
42N0ab,,,,,,0
aBrJxZ,1,0,0,0,0,1
9dJ0qG,1,0,0,0,0,1
PABN1x,1,0,0,0,0,1
8dpDDk,1,0,0,1,0,2
qA2y0O,1,0,1,1,0,3
V0ELg6,1,0,0,0,0,1
zKQ8Qg,1,0,0,0,0,1
VZ1WYN,1,0,0,0,0,1
jB98W1,1,1,0,0,0,2
24x9Rj,,,,,,0
rlr82o,1,1,1,1,0,4
QABNj7,1,1,0,0,0,2
vNx8El,1,0,0,0,0,1
jB98WY,1,1,1,0,0,3
LdM4Op,1,0,0,0,0,1
qbE8gG,1,0,0,0,0,1
bl41zZ,1,0,0,0,0,1
xdN8yk,1,1,0,0,0,2
rlr8LX,1,0,1,0,0,2
jB98ga,1,0,0,0,0,1
pLPY01,1,0,0,0,0,1
GrBODO,1,0,0,0,0,1
7d97a0,1,0,0,0,0,1
WApale,1,1,0,0,0,2
0EjqlN,1,1,1,0,0,3
oAV8dN,1,0,0,0,0,1
0Ejqaj,1,0,0,0,0,1
5dqaeZ,1,0,0,1,0,2
g5N8v4,1,1,0,0,0,2
oAV8lb,1,0,0,0,0,1
AlbMyz,1,0,0,0,0,1
jB9871,1,0,0,0,0,1
9dJA2E,1,0,0,0,0,1
PABZBx,1,1,0,0,0,2
DVvRWR,1,0,0,0,0,1
dY2JDV,1,1,0,1,0,3
bl41Y1,1,1,0,0,0,2
rlr8vR,1,0,1,0,0,2
xdN89d,1,0,0,1,0,2
kYR8Jo,1,0,0,0,0,1
YZz7xW,1,0,0,0,0,1
RzBq29,1,0,0,0,0,1
24x9DD,1,0,0,1,0,2
rlr8k2,1,0,1,0,0,2
7d97ER,1,0,0,0,0,1
GrBOBO,1,0,0,0,0,1
42NlPr,1,1,1,1,0,4
XeB6OP,1,1,1,1,0,4
VZ1W4y,1,1,0,1,0,3
kYR8ve,1,1,0,0,0,2
YZz7oN,1,1,0,0,0,2
OABxYM,1,1,1,0,0,3
xdN8lv,0,1,0,0,0,1
eBxgYk,1,0,0,1,0,2
RzBqj9,1,0,0,0,0,1
1r2QGg,1,0,0,0,0,1
pLPYZJ,1,0,0,0,0,1
MAdj6k,1,0,0,1,0,2
OABxER,1,0,0,0,0,1
BGbJ0K,1,0,0,0,0,1
qbE8jO,1,1,0,0,0,2
kYR8ze,0,1,0,1,0,2
GrBODQ,1,1,0,0,0,2
vNx8KD,1,1,0,0,0,2
oAV8VN,1,0,0,0,0,1
VZ1Wxg,1,1,1,0,0,3
24x9Oe,1,1,1,1,0,4
KMBrO8,1,1,0,0,0,2
WApa1v,1,0,0,0,0,1
bl41gL,1,1,0,1,0,3
EPbovB,0,0,1,0,0,1
ylq8e8,1,1,0,0,0,2
24x9ZL,1,1,0,0,0,2
MAdjGM,1,0,0,0,0,1
24x9Zj,1,0,0,0,0,1
rlr8kR,1,1,0,1,0,3
g5N8pl,1,1,0,0,0,2
rlr8qN,0,1,0,0,0,1
ylq87g,1,0,0,0,0,1
GrBO7Z,1,0,0,0,0,1
NAB2Rj,1,0,0,1,0,2
RzBqkj,1,0,0,0,0,1
xdN86r,1,0,0,0,0,1
9dJArQ,0,1,0,0,0,1
EPboa4,1,0,0,0,0,1
WApaQN,0,0,0,1,0,1
42NlN5,1,0,0,1,0,2
AlbM50,1,1,1,1,0,4
QABNap,1,1,1,0,0,3
dY2Jkd,1,0,0,0,0,1
RzBqr9,1,0,0,1,0,2
lNl89W,0,1,0,0,0,1
PABZGB,1,0,1,1,0,3
RzBqjj,1,0,1,1,0,3
LdM4ov,1,0,0,0,0,1
GrBO5k,1,0,0,0,0,1
ZdRbWo,1,1,0,0,0,2
AlbMQD,1,0,1,0,0,2
42NlqX,1,1,0,0,0,2
24x9D9,1,1,0,0,0,2
oAV81V,1,0,0,0,0,1
QABNE7,1,0,1,0,0,2
6dQ6QN,1,1,1,0,0,3
KMBrkV,1,0,0,0,0,1
g5N8NJ,1,1,0,1,0,3
aBrpab,0,1,0,1,0,2
OABxVR,,,,,,0
aBrpPq,1,0,0,1,0,2
bl41vZ,1,0,0,0,0,1
oAV8kO,1,0,1,0,0,2
qbE8NG,1,1,0,0,0,2
eBxgoe,1,1,0,1,0,3
aBrpkB,1,1,1,1,0,4
vNx8g0,1,1,0,1,0,3
NAB2Ol,1,1,1,0,0,3
GrBObk,1,0,0,0,0,1
kYR8x1,1,1,0,0,0,2
g5N8z4,1,0,0,0,0,1
lNl8zv,1,0,0,1,0,2
jB98z4,1,1,0,0,0,2
RzBqVj,1,0,0,0,0,1
BGbJ6Q,1,1,0,0,0,2
5dqagd,1,1,1,0,0,3
QABN8Y,1,0,0,0,0,1
24x9o9,1,1,0,0,0,2
BGbJ9Q,1,1,1,1,0,4
PABZrV,1,0,0,0,0,1
lNl84k,1,0,1,0,0,2
rlr8YR,1,0,0,0,0,1
zKQ8L0,1,1,0,1,0,3
NAB2El,1,0,1,1,0,3
9dJAMV,1,0,0,0,0,1
YZz79J,1,0,0,1,0,2
5dqaod,1,0,0,0,0,1
GrBOgp,1,0,0,0,0,1
dY2Jgo,1,1,1,0,0,3
AlbMAe,1,0,0,0,0,1
XeB6d4,1,0,0,0,0,1
QABNX8,1,0,0,0,0,1
1r2QBp,1,1,0,0,0,2
VZ1WY6,1,0,0,1,0,2
LdM4Vv,1,0,0,0,0,1
6dQ6MJ,1,0,0,0,0,1
oAV8vx,1,1,0,0,0,2
oAV8gP,1,0,0,0,0,1
EPboJ2,1,1,1,0,0,3
MAdjVA,1,1,1,0,0,3
EPboEX,1,0,0,0,0,1
6dQ64k,1,1,0,1,0,3
NAB240,1,0,0,0,0,1
pLPYzB,1,0,0,0,0,1
OABxEg,1,0,0,0,0,1
NAB2gB,1,1,0,0,0,2
vNx8vQ,1,1,0,0,0,2
LdM4yj,1,0,0,0,0,1
qbE8k9,1,1,1,0,0,3
qbE8v9,1,1,0,0,0,2
dY2J8d,1,0,0,0,0,1
jB98Yx,0,0,1,0,0,1
rlr8gN,1,1,0,0,0,2
XeB6Ng,1,0,0,0,0,1
OABx97,1,0,0,1,0,2
42NlEX,1,0,0,1,0,2
LdM4al,0,1,0,0,0,1
ZdRbDB,1,0,0,0,0,1
6dQ6Vk,1,1,1,1,0,4
8dpbVx,1,0,0,0,0,1
6dQ65P,1,0,0,0,0,1
1r2Q6l,1,0,0,0,0,1
7d97MR,1,0,1,0,0,2
ylq8GB,1,0,0,1,0,2
kYR8p1,1,1,0,0,0,2
8dpbgx,1,1,0,0,0,2
VZ1Wqg,1,0,0,1,0,2
WApaBa,1,0,0,1,0,2
dY2J1q,1,0,0,0,0,1
vNx8W0,1,0,0,1,0,2
5dqaOo,0,0,0,1,0,1
QABNWp,1,0,0,0,0,1
ZdRbQo,1,1,0,0,0,2
NAB2yB,0,1,0,0,0,1
oAV81e,1,0,0,0,0,1
PABZYx,1,1,0,1,0,3
PABZWb,1,0,0,0,0,1
XeB6v4,1,0,0,0,0,1
9dJAxQ,1,0,0,0,0,1
DVvRE5,1,0,0,1,0,2
lNl87X,1,0,1,0,0,2
eBxgye,1,0,0,0,0,1
aBrpgq,1,1,0,0,0,2
OABxrR,1,1,0,0,0,2
WApajv,1,0,0,0,0,1
1r2QxQ,1,1,0,0,0,2
AlbM9z,1,1,0,1,0,3
8dpbWO,1,1,1,1,0,4
7d97zA,1,0,0,0,0,1
24x9zV,1,0,0,0,0,1
VZ1W9j,1,1,0,0,0,2
rlr8YN,1,1,0,0,0,2
xdN80d,1,0,0,1,0,2
1r2QgW,1,0,0,0,0,1
EPbo64,1,0,0,0,0,1
qbE877,1,0,0,0,0,1
KMBrGV,1,1,0,0,0,2
6dQ6WY,1,0,1,1,0,3
EPboA4,1,0,0,0,0,1
PABZy5,1,0,0,0,0,1
ZdRbgz,0,1,0,0,0,1
EPbo6r,1,0,0,0,0,1
6dQ6zB,1,0,0,0,0,1
LdM4Ey,1,1,0,1,0,3
ylq8gg,1,0,0,0,0,1
42NlOY,1,0,0,1,0,2
MAdjPM,1,0,0,0,0,1
8dpb5O,1,0,0,0,0,1
1r2QRl,1,1,1,1,0,4
jB985Q,1,0,0,0,0,1
J2kEBo,1,0,0,0,0,1
eBxgvk,1,0,0,1,0,2
7d97jZ,0,0,1,1,0,2
dY2JzK,1,0,1,0,0,2
PABZe5,1,0,0,0,0,1
J2kEGo,1,1,0,0,0,2
ylq8zx,1,0,0,0,0,1
WApapR,0,1,0,0,0,1
xdN8z5,1,1,0,1,0,3
NAB2dj,1,1,0,0,0,2
ylq81x,1,0,0,0,0,1
vNx8zD,1,1,1,1,0,4
oAV8zP,1,1,1,1,0,4
QABNkG,1,0,0,0,0,1
8dpbDA,0,0,0,1,0,1
YZz760,1,0,0,0,0,1
PABZqd,0,1,0,1,0,2
oAV8LX,0,1,1,1,0,3
XeB6Pd,1,0,0,0,0,1
AlbMRB,1,0,0,1,0,2
jB98XR,1,0,0,0,0,1
NAB2Zb,0,0,0,1,0,1
aBrpMy,1,1,0,0,0,2
OABxKK,0,0,1,1,0,2
pLPYlP,1,0,0,1,0,2
EPbooq,0,0,0,1,0,1
XeB6je,1,0,0,0,0,1
PABZq0,1,1,0,0,0,2
GrBOE2,1,0,1,1,0,3
pLPYYZ,1,0,0,0,0,1
GrBOVj,1,0,0,0,0,1
DVvROb,1,0,0,0,0,1
rlr8Z5,1,1,1,1,0,4
KMBr2M,1,1,0,0,0,2
kYR8BJ,1,0,0,0,0,1
aBrpJ9,1,0,0,1,0,2
bl41a0,1,1,0,1,0,3
RzBqyp,1,0,0,0,0,1
1r2Q0M,1,0,0,0,0,1
GrBOO2,1,0,0,0,0,1
jB98V6,1,0,1,0,0,2
QABNpg,1,1,0,0,0,2
DVvR6j,1,0,0,0,0,1
xdN8q9,1,0,0,0,0,1
xdN8W9,1,0,0,0,0,1
9dJAzX,1,1,0,0,0,2
rlr8ep,1,1,1,1,0,4
WApa4L,1,1,1,1,0,4
lNl8pV,1,0,0,0,0,1
9dJAbX,1,0,1,1,0,3
zKQ8A1,1,1,1,0,0,3
QABNP1,1,0,0,0,0,1
pLPYEE,1,0,0,0,0,1
GrBOMQ,1,0,0,1,0,2
RzBqpQ,1,0,0,0,0,1
24x9MM,1,0,0,0,0,1
7d9rX0,1,0,0,0,0,1
YZz72z,1,0,0,1,0,2
42Nl0b,1,0,0,0,0,1
lNl8JX,1,0,0,0,0,1
xdN8kd,0,0,0,1,0,1
VZ1WWE,1,0,0,0,0,1
bl4QV6,0,1,0,0,0,1
LdM4xG,1,0,0,0,0,1
VZ1OLj,1,1,0,0,0,2
KMBrrk,1,0,0,0,0,1
5dqaWQ,1,1,0,1,0,3
NAB22W,1,1,0,0,0,2
eBxWZx,1,0,0,1,0,2
OABxOM,1,0,0,0,0,1
lNl825,1,1,0,0,0,2
EPboy2,1,1,0,1,0,3
LdM48z,1,1,0,0,0,2
KMBKYX,1,1,1,1,0,4
NAB21W,1,1,1,0,0,3
42NlMo,1,0,0,1,0,2
BGbJv4,1,0,0,1,0,2
rlr8No,1,0,0,0,0,1
24xGEe,1,1,0,0,0,2
lNlkBN,1,0,0,0,0,1
eBxWae,1,0,0,0,0,1
WApavR,1,1,0,0,0,2
1r2o9p,1,0,0,0,0,1
OABM7R,1,0,0,0,0,1
aBrqOX,1,0,0,1,0,2
qbE1GG,1,0,1,1,0,3
8dp4aP,1,1,0,0,0,2
0EjR7j,1,0,0,0,0,1
YZz7EN,1,0,0,0,0,1
OABxRk,1,0,1,1,0,3
AlbMgN,1,0,0,0,0,1
lNlk6k,1,0,0,0,0,1
OABxWM,1,1,1,0,0,3
xdN5Yy,1,0,0,0,0,1
AlbMYB,1,1,1,1,0,4
ylq5Jg,0,1,0,0,0,1
VZ1WRj,1,0,0,0,0,1
jB9Ala,1,0,0,1,0,2
YZzl4B,1,1,0,0,0,2
J2kvz4,1,0,0,0,0,1
oAV8W5,1,1,0,1,0,3
oAVLGe,1,0,1,0,0,2
KMBKlA,1,0,0,1,0,2
6dQEDY,1,0,0,0,0,1
1r2o7Q,1,1,0,1,0,3
1r2oVQ,1,0,0,0,0,1
0EjR8y,1,0,0,0,0,1
LdMLzp,1,0,0,1,0,2
LdML7p,1,1,0,1,0,3
jB9Ab4,1,0,0,0,0,1
aBrq4B,0,1,0,0,0,1
DVv6Nq,1,0,0,0,1,2
DVv6pR,1,0,0,0,0,1
rlrMON,1,0,1,0,0,2
g5N6Ml,1,0,0,0,0,1
NAB1oB,1,1,0,1,0,3
VZ1Ojy,1,0,1,1,0,3
dY2exq,1,0,0,1,0,2
RzByo9,1,0,0,0,0,1
rlrMoN,1,1,0,1,0,3
XeBP4g,0,1,0,0,0,1
DVv6qN,1,0,0,0,0,1
vNx5P0,1,0,0,0,0,1
6dQEZk,1,0,0,1,0,2
qbE1d7,0,0,0,1,0,1
bl4QeL,1,0,0,0,0,1
PABJ55,1,0,0,0,0,1
aBrq9b,1,0,0,0,0,1
LdMLPv,1,1,1,1,0,4
qbE1VY,1,0,0,1,0,2
oAVLEx,1,1,0,1,0,3
PABJ1V,1,1,0,1,0,3
0EjR6N,1,1,0,1,0,3
BGbW75,1,0,0,0,0,1
8dp4L5,1,1,0,0,0,2
GrBARZ,1,0,0,0,0,1
rlrMBR,1,0,0,0,0,1
J2kEvY,1,0,0,0,0,1
GrBAve,1,1,0,0,0,2
g5N6qO,1,0,1,0,0,2
J2kvOo,1,1,0,1,0,3
GrBAlp,1,0,0,0,0,1
7d9r2P,1,0,0,0,0,1
1r2odl,1,0,0,0,0,1
J2kvdR,1,0,0,1,0,2
jB9APx,1,0,0,0,0,1
DVv6kZ,1,0,1,0,0,2
xdN8Ok,1,0,1,0,0,2
NAB1qO,1,0,0,0,0,1
GrBA9Z,1,0,0,1,0,2
bl4Qdg,1,0,0,0,0,1
5dqPZo,1,1,0,0,0,2
J2kEyz,1,1,1,1,0,4
jB98j9,1,1,0,0,0,2
DVv67R,1,1,1,0,0,3
QABlV8,1,0,0,0,0,1
LdMLpj,1,0,0,0,0,1
42NVrX,1,0,0,1,0,2
VZ1OpM,1,0,0,1,0,2
42NlWr,1,1,1,1,0,4
KMBKV8,1,0,0,0,0,1
aBrq6q,1,0,0,1,0,2
oAVLeP,1,0,0,0,0,1
YZzlPW,1,0,0,0,0,1
zKQ5jM,1,0,0,0,0,1
XeBPJY,1,1,0,0,0,2
kYRB61,1,1,0,1,0,3
zKQ5y0,1,1,0,1,0,3
RzBy5d,1,0,0,1,0,2
ZdRrNy,1,0,0,0,0,1
6dQE7B,1,0,1,0,0,2
0EjRey,1,0,1,0,0,2
QABlDp,1,0,0,0,0,1
24xGB9,1,0,0,0,0,1
EPb7QX,1,1,0,0,0,2
qbE1AY,1,0,0,0,0,1
RzByD9,1,0,0,0,0,1
42NVQY,1,0,0,0,0,1
EPb7XX,1,0,0,0,0,1
Albe2z,1,0,0,0,0,1
PABJ9V,1,0,0,0,0,1
rlrM5R,1,0,1,1,0,3
kYR8Pj,1,1,0,1,0,3
J2kvqK,1,1,0,1,0,3
J2kv1K,1,1,0,0,0,2
PABJpB,1,0,0,0,0,1
EPb7l4,1,1,0,1,0,3
XeBP0j,1,0,1,0,0,2
vNx5Yv,1,0,0,0,0,1
NAB1WB,1,1,0,1,0,3
42NV8k,1,1,0,1,0,3
VZ1OQg,1,0,0,0,0,1
LdMLWj,1,0,0,0,0,1
LdMLKv,1,1,0,0,0,2
zKQ5Ya,1,0,0,0,0,1
pLPpoJ,1,0,0,0,0,1
lNlkqv,1,0,0,0,0,1
GrBO2O,1,1,0,1,0,3
KMBK1A,0,1,0,0,0,1
dY2e9o,1,0,0,0,0,1
9dJjQp,1,0,1,0,0,2
QABl58,1,0,0,0,0,1
BGbWk5,1,0,0,0,0,1
24xGPj,1,1,0,0,0,2
0EjRdB,1,1,1,0,0,3
RzByPd,1,0,0,0,0,1
RzBq9P,1,0,0,0,0,1
PABJ65,1,1,0,0,0,2
oAVLRP,1,0,0,0,0,1
24xGPL,1,0,0,0,0,1
rlr84L,1,0,0,1,0,2
VZ1O0v,1,1,0,1,0,3
8dp4xO,1,0,0,0,0,1
bl4QWL,1,0,0,0,0,1
qbE1a9,1,0,0,0,0,1
VZ1O5J,1,0,1,0,0,2
rlrMPl,1,0,0,1,0,2
EPb7XN,1,0,0,0,0,1
dY2e0o,1,0,0,0,0,1
lNlkyB,1,1,1,1,0,4
BGbJo7,1,1,0,1,0,3
xdN5ay,1,1,1,1,0,4
GrBAdp,0,1,0,0,0,1
BGbWxQ,1,0,0,0,0,1
MAdpzp,1,1,1,1,0,4
RzBy0J,1,1,0,0,0,2
PABJ1e,1,0,0,0,0,1
XeBPWj,1,1,0,1,0,3
g5N6Gl,1,1,0,1,0,3
jB9AZJ,1,1,1,1,0,4
g5N6e4,1,1,0,1,0,3
0Ejq9Q,1,0,0,1,0,2
xdN8EG,1,1,0,0,0,2
zKQ5Da,1,0,1,1,0,3
xdN5Xv,1,0,0,1,0,2
24xGAj,1,0,0,1,0,2
lNl8j5,1,0,0,1,0,2
YZz7Nv,1,0,0,0,0,1
VZ1OEj,1,0,1,1,0,3
oAVLAV,1,1,0,0,0,2
vNx52A,,,,,,0
bl4Qlo,1,0,0,0,0,1
PABJ0Q,1,0,0,1,0,2
42NVkO,1,1,0,0,0,2
9dJjdY,1,0,0,0,0,1
WApV0J,0,1,0,0,0,1
1r2oEM,1,0,0,0,0,1
jB9AME,1,0,0,1,0,2
GrBAro,1,0,0,0,0,1
KMBK67,1,0,0,0,0,1
xdN5QG,1,1,0,0,0,2
XeBPe4,1,0,0,0,0,1
8dp4kx,1,0,0,0,0,1
EPb71N,1,0,0,0,0,1
qbE1Wd,1,0,0,0,0,1
eBxWBO,1,1,0,0,0,2
6dQExe,1,0,0,0,0,1
24xGrp,1,0,0,1,0,2
0EjRbQ,1,0,1,0,0,2
5dqP2M,1,0,0,0,0,1
QABlrg,1,0,0,0,0,1
xdN5Qo,1,0,0,0,0,1
MAdpJg,0,0,0,1,0,1
vNx5AQ,0,1,0,0,0,1
YZzldq,1,0,1,1,0,3
RzByYp,1,1,0,1,0,3
zKQ5zq,1,0,0,0,0,1
5dqPkd,1,0,0,0,0,1
dY2eZN,1,0,0,0,0,1
1r2ovO,1,0,0,0,0,1
PABJB0,0,0,1,0,0,1
AlbeDW,1,1,1,1,0,4
GrBA1o,1,0,1,1,0,3
6dQE15,1,1,0,1,0,3
LdMLG1,1,1,1,0,0,3
LdML0G,1,0,1,0,0,2
zKQ5Kq,1,0,0,1,0,2
J2kvJY,1,0,0,0,0,1
rlrMVM,1,0,0,1,0,2
DVv6eb,1,0,0,1,0,2
5dqPdd,1,0,0,0,0,1
RzByLl,1,1,0,1,0,3
5dqPvP,1,0,0,0,0,1
YZzlV0,1,1,0,1,0,3
vNx54A,1,1,0,0,0,2
XeBPG4,1,0,0,0,0,1
jB9ABE,1,1,0,1,0,3
PABJ8P,1,0,0,0,0,1
RzBy4J,1,0,0,1,0,2
jB9AxR,1,1,0,0,0,2
dY2eYA,1,0,1,0,0,2
0EjRJ0,1,1,0,1,0,3
PABJvP,1,0,0,0,0,1
DVv60p,1,0,0,0,0,1
rlrMKv,1,0,0,1,0,2
9dJjJ4,1,0,1,1,0,3
oAVL0M,1,0,0,1,0,2
vNx5Od,0,1,1,0,0,2
QABlYA,1,0,0,0,0,1
24xGkp,1,0,0,0,0,1
7d9roL,1,1,0,1,0,3
lNlkNW,1,0,0,0,0,1
g5N64N,1,0,0,0,0,1
g5N65d,1,0,0,0,0,1
7d9rdA,1,0,0,1,0,2
lNlkL5,1,0,0,1,0,2
rlrMKM,1,0,0,0,0,1
0EjRoQ,1,1,1,1,0,4
GrBA1j,1,1,0,1,0,3
qbE1b7,1,0,0,1,0,2
oAVLVM,1,0,0,0,0,1
RzByRl,1,0,0,0,0,1
g5N6QK,1,0,1,1,0,3
GrBAYz,1,0,0,0,0,1
QABlBk,1,1,0,0,0,2
vNx5NQ,1,1,0,1,0,3
6dQEro,1,0,0,1,0,2
eBxWNo,1,1,0,0,0,2
NAB1MN,1,0,0,1,0,2
dY2eDy,1,0,0,0,0,1
MAdpvE,1,0,0,0,0,1
MAdp5Y,1,0,0,0,0,1
9dJjE1,1,0,0,1,0,2
PABJ20,1,1,0,1,0,3
8dp4eA,1,1,0,1,0,3
DVv65b,1,0,0,0,0,1
qbE1o8,1,0,0,0,0,1
OABMBA,0,1,0,0,0,1
oAVLlM,1,0,0,0,0,1
5dqPEb,1,1,0,1,0,3
6dQEOO,1,0,0,0,0,1
jB9A99,1,1,0,0,0,2
7d9r46,1,0,0,1,0,2
qbE1Yk,1,0,0,0,0,1
pLPpWZ,1,0,0,0,0,1
VZ1Olv,1,0,0,1,0,2
OABMJp,1,1,0,1,0,3
aBrqry,1,0,1,1,0,3
7d9r9z,1,0,0,0,0,1
oAVLl5,1,0,0,0,0,1
aBrqZW,1,0,0,0,0,1
lNlk06,1,0,0,0,0,1
ZdRrGv,1,0,0,1,0,2
xdN5ZG,1,0,0,1,0,2
lNlkYV,1,1,0,1,0,3
VZ1OME,1,0,0,0,0,1
rlrMrL,1,0,0,1,0,2
42NVAd,1,0,0,0,0,1
jB9AJ1,1,0,0,1,0,2
rlrMr5,1,1,1,1,0,4
WApVpQ,1,1,0,0,0,2
ZdRrvA,1,0,0,1,0,2
8dp4dx,1,0,0,0,0,1
vNx5JX,1,0,0,0,0,1
zKQ5e1,0,0,0,0,1,1
lNlkKV,1,0,0,0,0,1
rlrMJX,1,0,0,0,0,1
8dp4PY,1,1,0,0,0,2
LdMLaz,1,1,0,1,0,3
rlrM0L,1,0,0,0,0,1
PABJBd,1,0,0,1,0,2
NAB1Rp,1,0,0,0,0,1
42NV9d,1,1,0,1,0,3
jB9A76,1,1,0,0,0,2
OABMLK,1,0,0,0,0,1
GrBABz,1,0,0,0,0,1
YZzlY6,1,0,0,1,0,2
YZzlo0,1,0,0,0,0,1
g5N671,1,0,0,1,0,2
qbE1k5,0,1,0,0,0,1
7d9r16,0,0,0,1,0,1
24xGkV,1,0,0,0,0,1
BGbWA4,0,1,0,0,0,1
rlrMJp,1,0,0,1,0,2
bl4Qr2,1,0,0,1,0,2
aBrqDE,1,0,0,0,0,1
YZzlrq,1,0,0,1,0,2
VZ1O9l,1,0,0,0,0,1
EPb7Lo,0,1,0,0,0,1
jB9A09,1,1,0,0,0,2
GrBAL2,1,1,0,0,0,2
EPb7Z2,1,0,0,0,0,1
EPb7vA,1,0,0,0,0,1
42NVPo,1,0,0,1,0,2
g5N6JM,1,0,0,0,0,1
9dJj2K,0,1,0,0,0,1
xdN5Rk,1,1,1,1,0,4
24xGvA,1,1,1,1,0,4
AlbeWo,1,1,1,0,0,3
ZdRrza,1,0,0,0,0,1
qbE1Ek,1,0,0,0,0,1
1r2oN4,1,1,1,0,0,3
VZ1ObN,1,1,0,1,0,3
24xGxA,1,0,0,0,0,1
pLPpRy,1,1,0,0,0,2
J2kvk7,1,0,0,0,0,1
oAVL55,1,0,0,0,0,1
lNlkWp,1,0,0,0,0,1
QABl8l,1,1,1,1,0,4
eBxWxo,0,0,0,0,1,1
eBxW2E,1,0,0,0,0,1
rlrMd5,1,0,0,0,0,1
8dp4Ak,1,0,0,0,0,1
RzByvv,1,0,0,0,0,1
rlrM2p,1,0,0,0,0,1
24xG1g,0,1,1,0,0,2
EPb7BL,1,1,1,1,0,4
eBxWKJ,1,0,0,0,0,1
zKQ5J8,1,0,0,0,0,1
ZdRrZ5,1,1,0,0,0,2
1r2o2L,1,0,0,0,0,1
xdN599,1,1,0,0,0,2
YZzlpz,1,0,0,0,0,1
bl4Q82,0,0,0,1,0,1
PABJ80,1,0,0,0,0,1
24xGOb,1,1,1,0,0,3
5dqPGP,1,0,0,0,0,1
bl4Q4E,1,0,1,0,0,2
KMBKBK,1,0,0,0,0,1
DVv6Jj,1,0,0,0,0,1
eBxW7E,1,1,0,0,0,2
GrBAoz,1,0,0,0,0,1
EPb70o,1,0,0,1,0,2
kYRBJd,0,1,0,0,0,1
J2kv2d,1,0,0,0,0,1
OABMdk,1,1,1,1,0,4
LdMLvz,1,0,0,0,0,1
0EjRv0,1,1,1,0,0,3
VZ1OZv,1,0,0,0,0,1
5dqPLM,1,0,0,0,0,1
LdMLXG,1,1,1,1,0,4
RzByZP,1,0,0,0,0,1
42NVvB,0,1,0,1,0,2
GrBAqO,1,1,1,1,0,4
BGbWj4,0,1,0,1,0,2
BGbWB7,1,0,0,0,0,1
ylq5o6,1,1,0,1,0,3
J2kvLJ,1,0,0,0,0,1
42NVjb,1,0,0,0,0,1
bl4Q2E,1,0,0,0,0,1
5dqPev,1,0,0,1,0,2
6dQEvO,1,0,0,0,0,1
jB9ALR,1,1,1,1,0,4
9dJjpK,1,0,0,0,0,1
LdMLE2,0,1,0,0,0,1
xdN54E,0,1,0,0,0,1
J2kvV7,1,1,0,1,0,3
8dp46k,1,0,0,1,0,2
1r2oD4,1,0,0,0,0,1
bl4QK0,1,1,0,1,0,3
DVv6AX,1,1,0,1,0,3
QABlxk,1,1,1,1,0,4
aBrqjy,1,0,0,1,0,2
XeBP1e,1,1,0,0,0,2
qbE1P2,1,1,0,1,0,3
9dJjlG,1,1,0,0,0,2
WApVPJ,1,1,1,1,0,4
jB9A5Y,1,1,0,0,0,2
OABMjA,1,1,1,0,0,3
DVv6V5,1,1,0,0,0,2
XeBPMd,1,0,0,1,0,2
6dQEAo,1,0,0,0,0,1
jB9AG9,1,1,1,0,0,3
pLPpVV,1,0,0,1,0,2
rlrMYo,1,0,0,0,0,1
5dqPpQ,1,0,0,0,0,1
rlrMbN,1,0,0,0,0,1
zKQ51g,1,1,0,1,0,3
7d9rp2,0,1,0,0,0,1
5dqPMQ,1,1,0,0,0,2
9dJjrE,1,0,0,1,0,2
MAdp78,0,1,0,0,0,1
kYRBpo,0,0,1,0,0,1
pLPpz1,1,0,0,1,0,2
KMBKgX,0,1,0,0,0,1
QABlk1,0,0,0,0,1,1
XeBPzz,1,0,0,0,0,1
8dp4gP,1,0,0,0,0,1
PABJ41,1,0,0,0,0,1
QABlO1,1,0,0,0,0,1
RzByjK,1,0,0,0,0,1
kYRBrr,1,0,0,0,0,1
PABJGx,1,0,0,0,0,1
vNx5gl,1,0,0,1,0,2
eBxWzx,1,0,0,1,0,2
WApVZe,1,0,1,1,0,3
Albeae,1,0,0,0,0,1
lNlkMX,1,0,0,0,0,1
OABMVa,1,0,0,1,0,2
XeBP2z,1,0,0,0,0,1
eBxWpl,1,1,0,0,0,2
EPb7gB,1,0,0,0,0,1
RzBy2K,1,1,0,0,0,2
1r2oBg,1,0,0,0,0,1
GrBAjZ,1,1,0,0,0,2
KMBKaD,1,0,0,0,0,1
ZdRrQV,1,0,0,0,0,1
1r2oRg,1,0,0,0,0,1
kYRBkZ,1,0,0,1,0,2
oAVLzb,1,1,0,1,0,3
aBrqzZ,1,0,0,0,0,1
rlrMvX,1,1,0,0,0,2
EPb76l,1,0,0,0,0,1
24xGDM,1,0,0,0,0,1
7d9rPa,0,1,0,0,0,1
DVv69R,1,0,0,1,0,2
42NVdA,1,1,0,1,0,3
g5N6OP,1,0,0,1,0,2
J2kvZR,1,0,0,0,0,1
RzBylj,1,0,1,1,0,3
qbE1zO,1,1,0,0,0,2
jB9AEQ,1,0,0,0,0,1
xdN5ov,1,0,0,1,0,2
9dJja5,1,0,0,0,0,1
EPb7N2,1,0,0,0,0,1
kYRBQe,1,1,0,0,0,2
24xGVD,1,0,0,0,0,1
VZ1O46,1,1,0,1,0,3
PABJee,1,0,0,1,0,2
eBxWYQ,1,1,0,0,0,2
qbE1NO,1,0,0,0,0,1
oAVLaP,1,0,0,0,0,1
LdMLgl,1,1,0,1,0,3
ylq5zd,1,0,0,1,0,2
NAB1EO,1,0,0,0,0,1
7d9rj0,1,0,0,1,0,2
ZdRrKB,1,0,0,0,0,1
xdN56d,1,0,0,0,0,1
rlrMg2,1,0,0,0,0,1
qbE1pg,1,0,0,0,0,1
pLPpXJ,1,0,0,1,0,2
xdN5vk,1,0,1,0,0,2
vNx5a0,1,1,0,1,0,3
LdML6J,1,0,0,0,0,1
bl4QML,1,0,0,0,0,1
6dQEyJ,1,0,0,1,0,2
xdN5L5,1,0,0,0,0,1
OABMra,1,0,0,0,0,1
jB9AgQ,1,0,0,0,0,1
EPb7AB,1,1,1,1,0,4
GrBAQO,1,0,0,0,0,1
lNlk9v,1,0,0,0,0,1
eBxWox,1,0,0,0,0,1
VZ1OyM,0,1,0,0,0,1
KMBKNV,1,0,0,0,0,1
OABMyY,1,0,0,0,0,1
WApVjR,1,0,0,0,0,1
OABMKR,1,1,0,0,0,2
YZzlyW,1,0,0,0,0,1
BGbWVK,1,1,1,1,0,4
XeBPyL,1,1,1,0,0,3
VZ1OBg,1,0,0,0,0,1
1r2ox1,1,0,1,0,0,2
LdMLVl,1,0,0,1,0,2
oAVLQO,1,0,0,0,0,1
pLPpNJ,0,0,0,0,1,1
eBxWPk,1,1,0,0,0,2
VZ1Oxj,1,0,0,0,0,1
zKQ54R,1,1,0,0,0,2
Albeyl,1,1,0,0,0,2
eBxWyl,1,0,0,0,0,1
rlrM1R,1,0,0,0,0,1
24xGZD,1,0,0,1,0,2
VZ1Oyy,1,0,0,1,0,2
XeBPdg,1,1,0,0,0,2
rlrMRN,1,0,0,0,0,1
6dQEGk,1,0,0,0,0,1
EPb7YB,1,0,0,0,0,1
7d9rEa,1,0,0,0,0,1
ylq5Rx,1,1,1,0,0,3
MAdpgk,1,0,0,0,0,1
g5N6vJ,1,0,0,1,0,2
0EjRlB,1,1,0,0,0,2
9dJjPQ,1,1,0,1,0,3
AlbeND,1,0,0,0,0,1
OABMkM,1,0,0,0,0,1
zKQ5dk,1,0,0,0,0,1
7d9rgR,1,1,0,0,0,2
vNx5pl,1,0,0,1,0,2
EPb7e4,1,0,0,1,0,2
DVv6PZ,1,0,0,1,0,2
MAdpPk,1,1,0,0,0,2
ylq5rg,1,1,0,0,0,2
24xG7M,1,0,1,0,0,2
bl4Qz6,1,0,0,0,0,1
6dQE9Y,1,1,1,0,0,3
eBxWvQ,1,0,1,0,0,2
ZdRrXo,1,0,0,0,0,1
24xGy9,1,0,1,0,0,2
xdN57r,1,1,0,0,0,2
lNlkXk,1,0,0,0,0,1
9dJjyV,1,1,0,0,0,2
RzBy19,1,0,0,0,0,1
J2kvgK,1,0,0,0,0,1
J2kvbo,1,1,0,0,0,2
DVv6ZE,1,1,1,1,0,4
aBrq1B,1,1,0,1,0,3
XeBPvY,1,0,0,0,0,1
ZdRrAo,1,1,0,0,0,2
NAB1O0,1,0,0,0,0,1
J2kvBr,1,0,0,1,0,2
ylq5px,1,0,0,0,0,1
KMBKRg,1,0,0,0,0,1
OABMyg,1,0,0,0,0,1
oAVLax,1,1,0,0,0,2
VZ1OXg,1,1,0,0,0,2
WApVdv,1,1,0,0,0,2
aBrqXB,1,0,0,0,0,1
EPb7rr,1,0,1,0,0,2
NAB1gO,1,0,0,0,0,1
XeBPkY,1,1,1,0,0,3
vNx5Wg,1,1,1,0,0,3
LdMLOy,1,0,0,0,0,1
aBrqa2,1,0,0,0,0,1
WApVXN,1,0,0,0,0,1
OABMeg,1,1,1,0,0,3
NAB1xl,1,1,0,0,0,2
dY2ekV,1,0,0,0,0,1
LdMLBv,1,0,1,1,0,3
Albe0e,1,0,0,1,0,2
eBxW8e,1,0,0,0,0,1
8dp4V5,1,1,0,0,0,2
1r2ozp,1,1,0,1,0,3
DVv6al,1,0,0,0,0,1
QABl4Y,1,0,0,1,0,2
DVv6EZ,1,0,0,0,0,1
J2kvxR,1,1,0,0,0,2
eBxWGe,1,0,0,0,0,1
KMBKA8,1,1,0,0,0,2
DVv6Wl,1,0,1,1,0,3
QABlyG,1,0,0,0,0,1
pLPp58,1,0,0,1,0,2
VZ1Oqj,1,0,0,0,0,1
XeBPNP,1,0,0,0,0,1
jB9Aq4,1,0,0,1,0,2
qbE1M9,1,1,0,0,0,2
5dqPON,1,0,0,0,0,1
rlrMW2,1,0,0,0,0,1
dY2ezr,1,0,1,0,0,2
oAVLgb,1,0,0,0,0,1
GrBAaZ,1,1,0,1,0,3
7d9rOZ,1,0,0,0,0,1
kYRB1e,1,0,0,0,0,1
24xGzj,0,1,0,0,0,1
XeBPQP,1,1,0,0,0,2
9dJj4E,1,1,1,1,0,4
MAdpqA,1,0,0,0,0,1
AlbeOz,1,0,0,1,0,2
NAB1Qj,1,1,0,0,0,2
GrBA5O,1,1,0,0,0,2
24xGYj,1,0,1,0,0,2
kYRBXR,1,0,0,0,0,1
WApV6N,1,1,1,1,0,4
dY2eXo,1,0,0,0,0,1
QABlp7,1,0,0,0,0,1
ylq5GX,1,0,0,0,0,1
EPb7Al,1,0,0,1,0,2
42NVEA,1,0,0,0,0,1
aBrqgb,1,0,0,0,0,1
42NVYX,1,1,0,0,0,2
oAVL1x,1,1,0,1,0,3
KMBKZV,1,0,0,0,0,1
1r2oyl,1,1,0,0,0,2
42NVEr,1,1,0,0,0,2
g5N614,1,1,0,0,0,2
0EjRyj,1,1,1,1,0,4
6dQEzJ,1,1,0,0,0,2
jB9Ara,0,0,0,1,0,1
dY2e4K,0,0,0,1,0,1
zKQ5vM,1,0,0,0,0,1
YZzlgW,1,0,0,0,0,1
pLPpZ1,1,0,0,1,0,2
J2kvro,1,0,0,0,0,1
xdN5B5,1,0,0,0,0,1
rlrMp2,1,0,0,0,0,1
QABlWG,1,1,0,0,0,2
vNx5d4,1,0,0,1,0,2
jB9AzQ,1,1,1,0,0,3
MAdp2M,1,0,1,0,0,2
7d9rYZ,1,0,0,0,0,1
g5N6XO,1,0,1,0,0,2
PABJr1,1,1,0,0,0,2
RzByg4,1,0,0,0,0,1
MAdpGl,1,1,0,0,0,2
g5N6rD,1,0,0,0,0,1
RzByaj,1,1,0,0,0,2
PABJLV,1,0,0,0,0,1
GrBA4k,1,0,1,1,0,3
zKQ5o0,1,1,0,1,0,3
dY2eyA,1,0,0,0,0,1
GrBAOp,1,1,0,1,0,3
qbE1QY,1,0,0,0,0,1
9dJj0p,0,1,0,0,0,1
EPb77N,1,1,0,0,0,2
YZzlbB,1,1,0,0,0,2
Albeek,1,1,0,0,0,2
WApV7a,1,0,1,0,0,2
kYRBPM,1,0,0,1,0,2
GrBAAo,1,1,0,0,0,2
rlrMMl,0,1,1,0,0,2
VZ1Oag,1,1,0,0,0,2
5dqPa6,1,1,1,0,0,3
J2kvj4,1,0,0,1,0,2
XeBPAj,1,0,1,0,0,2
24xGdL,1,1,0,0,0,2
qbE117,1,0,0,0,0,1
42NVVk,1,1,0,0,0,2
5dqPYo,1,1,0,0,0,2
J2kv4d,1,0,0,0,0,1
EPb7VX,1,0,0,0,0,1
LdMLxj,1,0,1,0,0,2
1r2o0Q,1,0,0,0,0,1
bl4QJo,1,0,0,0,0,1
42NV6b,1,1,0,0,0,2
aBrqJv,1,0,0,0,0,1
OABMM7,1,0,0,0,0,1
42NVMb,1,0,0,0,0,1
WApVaj,1,0,0,0,0,1
RzByQ9,1,1,1,0,0,3
OABMM8,1,0,0,1,0,2
42NVlk,1,0,0,0,0,1
XeBP6j,1,1,0,0,0,2
WApVLJ,0,1,0,1,0,2
eBxWWO,1,0,0,0,0,1
PABJqb,1,1,1,0,0,3
6dQEBB,1,1,0,0,0,2
GrBAEp,1,1,0,0,0,2
xdN5qo,1,1,0,0,0,2
g5N6VO,0,1,0,0,0,1
eBxWXO,0,1,0,0,0,1
KMBKj7,1,0,0,0,0,1
5dqP06,1,1,1,1,0,4
zKQ58a,1,0,0,0,0,1
EPb7RN,1,0,0,0,0,1
DVv685,1,0,0,0,0,1
RzByed,1,1,0,0,0,2
oAVLjV,1,0,0,0,0,1
dY2ery,1,0,0,0,0,1
pLPp2b,1,0,0,0,0,1
QABlN8,1,0,0,0,0,1
GrBAZj,1,0,0,0,0,1
YZzl75,1,0,0,0,0,1
ylq58B,0,1,0,0,0,1
ylq5AB,0,1,0,0,0,1
AlbeR0,1,0,0,1,0,2
dY2eoo,1,1,0,0,0,2
YZzlAd,1,0,0,1,0,2
NAB1NB,1,0,0,0,0,1
aBrqR9,0,1,0,0,0,1
LdMLr1,1,1,1,1,0,4
zKQ5k1,1,1,0,0,0,2
42NVbO,1,0,0,0,0,1
oAVLJ1,1,0,0,1,0,2
jB9AN6,1,1,0,0,0,2
qbE1l7,1,0,0,1,0,2
42NV0X,1,0,0,0,0,1
7d9rrA,1,1,0,0,0,2
5dqPNM,1,0,0,1,0,2
ZdRrbz,1,1,0,0,0,2
vNx5RA,1,1,1,1,0,4
0EjRqN,1,0,0,1,0,2
vNx59Q,1,0,1,0,0,2
EPb72o,0,0,1,1,0,2
dY2eJq,1,0,0,1,0,2
g5N6od,1,0,0,0,0,1
PABJxb,1,0,1,1,0,3
6dQEEB,1,0,0,1,0,2
6dQE6P,1,1,1,0,0,3
pLPpYq,1,0,0,0,0,1
RzByyJ,1,0,0,0,0,1
XeBP7g,1,1,0,0,0,2
rlrM8l,1,0,1,0,0,2
RzByqd,1,0,0,0,0,1
9dJjKY,1,1,0,0,0,2
RzByNl,0,0,0,0,1,1
VZ1O7J,1,0,0,0,0,1
vNx5kd,1,0,0,0,0,1
8dp4DO,1,0,0,0,0,1
7d9rkA,1,0,1,0,0,2
GrBAAp,1,0,0,0,0,1
rlrMQN,1,0,0,0,0,1
GrBAW2,1,1,0,0,0,2
6dQEqe,1,1,0,1,0,3
RzBypp,1,0,0,1,0,2
zKQ5AR,0,1,0,0,0,1
eBxWg0,1,0,0,0,0,1
jB9AAx,0,0,0,1,0,1
oAVLLV,0,0,0,0,1,1
YZzl6d,1,1,1,1,0,4
g5N6EN,0,0,0,0,1,1
xdN5AG,0,1,1,1,0,3
lNlkp5,1,0,0,1,0,2
ZdRrBy,1,0,0,0,0,1
YZzl2q,1,1,1,1,0,4
rlrM75,1,0,0,1,0,2
zKQ5Ba,1,0,1,0,0,2
0EjRX0,1,0,0,1,0,2
VZ1OgE,1,1,1,1,0,4
9dJjjY,1,0,1,1,0,3
J2kvE4,1,1,0,0,0,2
rlrM4M,1,1,0,0,0,2
1r2oLM,1,0,0,0,0,1
8dp4Bx,1,1,0,0,0,2
jB9A4a,1,0,0,0,0,1
42NVVO,1,0,0,0,0,1
bl4QRg,1,1,1,1,0,4
pLPpqq,1,0,0,0,0,1
AlbeXk,1,1,1,0,0,3
42NV6O,1,0,0,0,0,1
GrBAM2,1,1,0,0,0,2
LdML4j,0,0,0,1,0,1
42NVeB,1,0,0,0,0,1
QABllp,1,1,1,1,0,4
RzByNJ,1,0,0,0,0,1
oAVLP1,1,0,0,0,0,1
kYRBj1,1,0,0,0,0,1
EPb79q,1,1,0,0,0,2
aBrqMq,1,0,0,1,0,2
GrBAVZ,1,0,0,0,0,1
5dqP7d,1,0,0,0,0,1
kYRBL6,1,1,1,1,0,4
DVv6oR,1,0,0,1,0,2
GrBAGj,1,1,0,0,0,2
24xG9L,1,0,0,0,0,1
lNlkGW,1,1,0,0,0,2
vNx58v,1,0,1,1,0,3
g5N6BN,0,0,0,1,0,1
OABMRK,1,1,1,0,0,3
eBxWVq,1,0,0,0,0,1
g5N621,1,1,0,0,0,2
5dqPJM,1,0,0,0,0,1
7d9ryL,1,1,0,0,0,2
aBrq7E,1,0,0,0,0,1
XeBPa4,1,0,0,0,0,1
kYRBqJ,1,0,0,0,0,1
24xGGL,1,0,0,1,0,2
aBrqqq,1,0,0,0,0,1
VZ1O6v,1,0,1,0,0,2
jB9AjR,1,0,1,0,0,2
AlbeM0,1,1,1,1,0,4
NAB1ZQ,1,1,0,0,0,2
xdN5GG,1,1,0,0,0,2
oAVLJX,0,0,0,0,1,1
lNlkx5,1,0,0,0,0,1
ZdRrqa,1,0,0,0,0,1
OABM28,1,1,1,0,0,3
xdN5by,1,1,0,0,0,2
ylq5Lp,1,0,0,0,0,1
0EjR96,1,0,0,0,0,1
dY2eMA,1,0,0,0,0,1
jB9A4x,1,0,0,0,0,1
42NV5B,1,0,0,0,0,1
oAVLZP,1,0,0,0,0,1
EPb77X,1,1,0,0,0,2
pLPpQV,1,0,0,1,0,2
OABMq7,1,1,1,1,0,4
PABJJ5,1,0,0,0,0,1
1r2oQQ,1,0,0,0,0,1
6dQEoO,1,1,0,0,0,2
24xG6V,1,0,1,0,0,2
lNlkkB,1,0,0,0,0,1
oAVL8e,1,0,0,1,0,2
rlrMz5,1,1,0,0,0,2
42NV0k,1,0,0,1,0,2
MAdpZp,1,0,1,1,0,3
eBxW4E,1,0,0,0,0,1
rlrM4v,1,0,0,0,0,1
OABMx7,1,1,0,0,0,2
OABMZR,1,1,0,0,0,2
GrBAPo,1,0,0,0,0,1
PABJxQ,1,0,0,0,0,1
jB9AKR,1,0,0,0,0,1
QABl98,1,0,0,0,0,1
xdN55y,1,0,0,1,0,2
lNlk8B,1,0,0,0,0,1
NAB1kW,0,1,0,0,0,1
PABJQ5,1,0,0,1,0,2
dY2eOz,1,1,0,0,0,2
LdML8G,1,0,0,0,0,1
ylq5O0,1,1,0,0,0,2
9dJjAp,1,0,0,1,0,2
NAB1GW,1,0,0,0,0,1
GrBAGo,1,0,0,0,0,1
7d9rG9,1,1,0,1,0,3
24xGWV,1,0,0,0,0,1
5dqPRP,1,0,0,0,0,1
KMBK9M,1,0,0,0,0,1
kYRB26,1,1,0,0,0,2
ZdRrry,1,0,0,1,0,2
g5N6ld,1,1,0,0,0,2
DVv6Qj,1,0,0,0,0,1
aBrqW9,1,1,0,1,0,3
MAdpxX,1,1,0,0,0,2
rlrM9l,1,1,0,0,0,2
7d9r0P,1,0,1,1,0,3
BGbWRN,1,0,1,0,0,2
BGbWNA,1,0,0,0,0,1
xdN5Wo,1,1,1,1,0,4
9dJjb1,1,0,0,0,0,1
bl4Q1g,1,0,0,0,0,1
9dJjeG,1,0,1,0,0,2
J2kvPd,1,0,0,1,0,2
EPb7oX,1,1,0,0,0,2
RzByAl,1,0,0,0,0,1
PABJKd,1,0,0,0,0,1
42NVZb,1,1,1,1,0,4
QABlZg,1,0,0,0,0,1
kYRBBM,1,0,0,0,0,1
qbE1r2,0,0,0,1,0,1
vNx55Q,1,1,0,0,0,2
YZzll5,1,0,0,1,0,2
QABlQp,1,0,0,1,0,2
jB9ARE,1,1,0,0,0,2
EPb7Ro,1,0,0,0,0,1
9dJjz4,1,0,0,0,0,1
qbElL5,1,1,0,0,0,2
RzBy7P,0,0,1,0,0,1
pLPpjE,1,0,0,0,0,1
jB9AO6,1,0,0,0,0,1
BGbWMA,1,1,0,0,0,2
dY2yqN,,,,,,0
ylqaNd,1,0,1,1,0,3
zKQ5P8,1,0,0,0,0,1
24xGqb,1,1,0,0,0,2
MAdpog,1,1,1,1,0,4
YZzAPv,0,1,0,0,0,1
NAB1Kb,1,1,0,0,0,2
qbE1xk,0,0,0,1,0,1
PABqjP,1,1,0,0,0,2
rlrMx5,1,0,0,0,0,1
oAVj6M,1,1,1,1,0,4
rlrZ5X,1,0,0,0,0,1
OABN4a,1,0,0,0,0,1
aBrMNW,1,0,0,0,0,1
ZdRrpv,1,0,0,0,0,1
VZ16zj,1,1,0,0,0,2
0EjWQP,1,0,0,0,0,1
24x6Eg,1,0,0,0,0,1
zKQ6jg,1,0,1,0,0,2
24x6XM,1,1,0,0,0,2
5dqAXv,1,0,0,1,0,2
bl4Jq7,1,0,0,1,0,2
OABMpA,1,0,0,0,0,1
qbElGO,1,1,0,1,0,3
WAp79L,1,0,0,0,0,1
PABq11,1,0,0,0,0,1
eBxWdo,1,0,0,0,0,1
QABlgk,1,0,0,0,0,1
NABZrp,1,0,0,0,0,1
8dp4vo,1,1,0,1,0,3
oAVL4M,1,0,0,0,0,1
8dplLl,1,0,0,0,0,1
MAdxD8,1,0,0,0,0,1
VZ16pN,1,1,1,1,0,4
jB9VDY,1,0,0,0,0,1
bl4J97,1,0,0,0,0,1
zKQ6xZ,0,0,0,1,0,1
6dQEb5,1,0,0,0,0,1
0EjWrQ,1,0,0,0,0,1
ZdRBOV,1,0,1,0,0,2
MAdxeE,1,0,0,0,0,1
VZ16p6,1,0,0,0,0,1
lNlEBX,1,1,1,1,0,4
dY2eLN,1,0,0,0,0,1
rlrZOo,1,1,0,0,0,2
Albe1W,1,0,0,0,0,1
1r2o1L,1,0,0,1,0,2
VZ16G6,1,1,0,0,0,2
zKQ6YM,1,0,0,1,0,2
BGbRde,1,1,0,0,0,2
rlrMNL,1,0,0,1,0,2
LdMLA2,1,1,0,0,0,2
42NbKA,1,0,1,1,0,3
lNlEbV,1,0,0,0,0,1
pLP2rP,1,0,0,0,0,1
DVv6rp,1,0,0,0,0,1
lNlko6,1,0,0,0,0,1
eBxW1o,1,1,1,1,0,4
VZ16El,1,0,0,1,0,2
BGbWPY,1,0,0,1,0,2
AlbX7o,1,0,0,0,0,1
oAVLrM,1,1,1,1,0,4
1r2aW4,1,0,0,1,0,2
RzB9Kv,1,0,0,0,0,1
5dqAzE,1,0,0,1,0,2
1r2oqO,1,0,0,0,0,1
42NbKr,1,1,1,0,0,3
24x6PD,1,0,0,0,0,1
OABNlM,1,1,0,0,0,2
8dp47Y,1,0,0,1,0,2
RzB9WQ,1,0,0,0,0,1
jB9VZ1,1,0,0,1,0,2
oAVj2b,1,1,1,1,0,4
jB9VlQ,1,0,0,1,0,2
GrBA2z,1,0,1,0,0,2
9dJKQ5,1,0,0,0,0,1
aBrMdX,1,0,0,0,0,1
EPbOWB,1,0,0,1,0,2
OABNQk,1,0,0,0,0,1
dY2yEV,1,0,0,0,0,1
vNx9Yl,1,1,0,0,0,2
dY2yWD,1,0,0,1,0,2
bl4J50,1,0,0,1,0,2
WAp7OL,1,1,0,0,0,2
zKQ6yk,1,1,0,1,0,3
DVvGKE,1,0,0,0,0,1
MAdxRk,1,0,1,0,0,2
YZzlN6,1,0,1,1,0,3
zKQ6Ng,1,0,0,1,0,2
pLP2ey,1,0,0,0,0,1
KMBjeD,1,1,1,1,0,4
KMBjzD,0,0,0,1,0,1
5dqAKb,1,1,0,0,0,2
vNx9eg,1,1,1,0,0,3
aBrM4Z,1,1,0,0,0,2
EPb74L,1,1,0,0,0,2
kYRPbd,1,0,0,0,0,1
PABq91,1,0,0,0,0,1
RzB9oK,1,0,0,1,0,2
jB9Vb1,1,1,1,0,0,3
qbE12k,1,0,0,0,0,1
J2k4dX,1,1,0,0,0,2
zKQ6DM,1,0,0,0,0,1
7d9kl6,1,1,0,0,0,2
8dplQz,1,0,0,0,0,1
QABQeY,0,0,0,0,1,1
6dQB8o,1,1,1,0,0,3
MAdxEk,1,0,0,1,0,2
6dQB7J,0,0,1,0,0,1
9dJK9E,1,0,0,0,0,1
XeBb0L,1,0,0,0,0,1
AlbX2y,1,0,0,0,0,1
QABQ5G,1,0,0,1,0,2
GrBPdk,1,0,0,1,0,2
kYRPEo,1,0,0,1,0,2
VZ165y,1,0,0,0,0,1
7d9kWR,1,0,0,0,0,1
xdNWMd,1,0,1,1,0,3
24x6jM,0,0,1,0,0,1
DVvGkl,1,0,0,1,0,2
7d9kx0,1,0,0,0,0,1
aBrMYb,0,1,1,0,0,2
XeBboP,1,1,1,0,0,3
oAVj9N,1,0,0,0,0,1
lNlEeo,1,0,0,0,0,1
LdM2zJ,1,0,0,0,0,1
YZzARv,1,0,0,0,0,1
bl4Je6,0,1,1,0,0,2
lNlEOo,0,1,0,0,0,1
rlrZDX,1,1,0,0,0,2
g5NoGD,1,1,0,0,0,2
vNx9Dg,1,0,0,0,0,1
dY2yar,1,1,1,1,0,4
PABqj0,1,1,1,0,0,3
42Nb7r,1,0,0,0,0,1
VZ16zM,1,0,0,0,0,1
8dplzr,0,1,0,0,0,1
g5N6RK,1,0,0,1,0,2
EPbO52,1,0,0,0,0,1
g5NoqP,1,1,1,1,0,4
KMBj1X,1,1,0,0,0,2
jB9VQJ,1,1,1,1,0,4
24xGMA,0,0,0,1,0,1
6dQBLN,1,0,0,0,0,1
xdNWav,1,0,0,0,0,1
ylqaYX,1,0,0,1,0,2
KMBjVX,1,1,1,1,0,4
8dplKP,1,1,0,0,0,2
oAVjb5,1,1,0,0,0,2
rlrZao,1,0,0,0,0,1
EPbOQr,1,0,0,0,0,1
OABN1k,1,1,0,0,0,2
WAp75v,1,0,0,0,0,1
QABQVX,1,1,0,0,0,2
OABMOp,1,1,0,0,0,2
VZ1ORl,1,0,0,0,0,1
oAVj65,1,0,1,1,0,3
YZzlE0,1,0,0,0,0,1
aBrMQW,0,0,0,1,0,1
rlrZA2,1,0,0,0,0,1
ylqa28,1,0,0,0,0,1
OABNQM,1,1,0,1,0,3
6dQBjA,1,1,0,0,0,2
BGbRxR,1,0,0,0,0,1
xdNWDd,1,0,1,0,0,2
pLPplE,0,1,0,0,0,1
eBxXZJ,1,0,0,1,0,2
BGbR7R,1,1,0,0,0,2
EPbOxB,1,1,1,0,0,3
qbElA9,1,1,0,0,0,2
0EjW6B,1,1,0,1,0,3
xdNWx9,1,1,1,1,0,4
PABJad,1,0,0,1,0,2
BGbRpe,1,0,0,0,0,1
WAp7Ee,1,0,0,0,0,1
DVvGdN,1,0,0,0,0,1
EPbOqA,1,1,1,0,0,3
42NbXo,1,1,1,1,0,4
qbElDO,1,1,1,1,0,4
kYRBDj,1,0,0,0,0,1
lNlkJp,1,0,0,0,0,1
24x68b,1,0,0,0,0,1
VZ16j6,1,0,0,0,0,1
1r2aA4,1,0,0,0,0,1
xdNWa5,1,1,1,1,0,4
8dplNk,1,1,1,0,0,3
BGbRXK,1,0,0,0,0,1
J2k4AK,1,0,0,0,0,1
NABZWj,1,0,0,1,0,2
1r2a91,0,1,1,0,0,2
42NbB5,1,0,1,0,0,2
aBrM5Z,1,1,0,1,0,3
0EjRN0,1,0,0,0,0,1
oAVjDN,1,1,0,0,0,2
pLP2dP,1,0,0,0,0,1
VZ16Qj,1,0,0,0,0,1
PABJa0,1,1,0,0,0,2
g5N6yK,1,1,0,0,0,2
NABZl0,1,0,0,0,0,1
AlbXve,1,0,0,0,0,1
GrBP6O,1,1,1,1,0,4
NABZoO,1,1,1,1,0,4
KMBj5g,1,0,0,0,0,1
lNlErN,1,1,0,1,0,3
42NbxA,1,0,1,0,0,2
OABN7a,0,0,1,0,0,1
DVvGBE,1,0,1,0,0,2
LdMLRO,0,1,1,1,0,3
6dQBeN,1,0,0,0,0,1
5dqPWP,1,0,0,0,0,1
ZdRBEV,1,0,0,0,0,1
8dploo,0,0,0,0,1,1
0EjW7A,1,0,0,0,0,1
0EjWOB,1,0,0,0,0,1
xdNWJd,1,0,0,0,0,1
dY2yNV,1,1,1,1,0,4
0EjR2Q,0,0,0,1,0,1
qbEla5,1,0,0,0,0,1
YZzAaW,1,0,0,1,0,2
AlbXlz,,,,,,0
OABNAg,1,0,0,0,0,1
NABZVl,1,0,0,0,0,1
0EjWj6,1,1,0,1,0,3
24x649,1,0,0,1,0,2
dY2yYK,1,0,1,0,0,2
0EjWLN,1,0,0,0,0,1
DVvGNZ,1,0,0,0,0,1
MAdx5M,1,1,0,1,0,3
zKQ6eR,1,0,0,0,0,1
NABZ0l,1,1,0,0,0,2
vNx920,1,0,0,0,0,1
RzB9zj,1,0,0,0,0,1
EPbOJX,1,0,0,1,0,2
oAVjvM,,,,,,0
9dJK1Q,1,1,0,1,0,3
EPbOPr,1,1,0,0,0,2
J2k42R,0,1,0,0,0,1
ylqaq4,1,0,0,1,0,2
8dplpx,1,0,0,0,0,1
rlrZLl,1,1,0,0,0,2
eBxX20,1,0,0,0,0,1
DVvGDq,1,0,0,0,0,1
42NboO,0,1,0,0,0,1
dY2yPo,1,1,0,0,0,2
GrBPJo,1,0,1,1,0,3
zKQ6W1,1,1,0,1,0,3
EPbOJN,1,1,0,1,0,3
eBxXL0,1,0,1,0,0,2
EPbO04,1,0,0,0,0,1
PABql5,1,1,0,0,0,2
1r2aEp,1,1,0,0,0,2
1r2avQ,1,0,0,0,0,1
aBrMrq,1,0,0,0,0,1
5dqAEM,1,0,0,0,0,1
rlrZdl,1,1,0,0,0,2
aBrMGB,0,1,0,0,0,1
kYRP51,1,0,0,0,0,1
PABqX5,1,1,1,0,0,3
ylqaop,1,0,0,0,0,1
5dqAeP,1,0,0,0,0,1
aBrMK9,1,0,0,0,0,1
aBrMEv,1,0,0,0,0,1
MAdxOM,1,0,1,1,0,3
PABqbd,0,0,0,1,0,1
ZdRBP0,1,1,1,1,0,4
g5NoJ1,1,0,0,0,0,1
VZ16bE,1,0,0,0,0,1
VZ168g,1,0,0,1,0,2
xdNWPy,1,1,0,0,0,2
oAVjyx,1,1,0,0,0,2
ZdRBYz,1,1,0,0,0,2
6dQBOB,1,0,0,0,0,1
QABQr7,1,1,0,1,0,3
aBrM0v,1,0,0,0,0,1
bl4J62,1,0,0,1,0,2
ZdRBRy,1,0,1,1,0,3
DVvGJq,1,0,0,0,0,1
42Nb1b,1,0,0,0,0,1
qbElY2,1,0,0,1,0,2
ZdRBZa,1,0,1,0,0,2
OABNzg,1,0,1,0,0,2
xdNW0o,1,0,0,0,0,1
xdNWPo,0,0,0,0,1,1
kYRPZR,0,1,0,0,0,1
J2k4D4,1,0,0,0,0,1
9dJKo1,1,0,0,0,0,1
kYRPpd,1,0,0,0,0,1
BGbRD5,1,0,0,0,0,1
rlrZlR,1,0,0,0,0,1
AlbXqk,1,0,0,0,0,1
rlrZKN,1,0,0,0,0,1
MAdxAA,1,0,0,0,0,1
AlbXWB,0,0,0,1,0,1
MAdxYp,1,1,0,0,0,2
oAVjKX,1,0,0,0,0,1
rlrZ2M,1,1,0,0,0,2
YZzAx6,1,0,0,1,0,2
bl4JY2,1,1,0,1,0,3
OABNdp,1,0,0,0,0,1
oAVjBP,1,0,0,0,0,1
WAp70N,1,0,0,0,0,1
LdM20v,1,1,0,0,0,2
lNlE46,1,0,0,0,0,1
DVvGbX,1,0,0,0,0,1
lNlE0W,1,0,0,0,0,1
KMBj08,1,1,0,0,0,2
jB9VJ6,1,0,0,0,0,1
YZzAVq,1,0,0,1,0,2
jB9Vz9,1,1,0,0,0,2
0EjWPy,1,0,0,0,0,1
42NbpB,1,1,1,1,0,4
42NbGd,0,1,0,0,0,1
1r2aNO,1,0,0,0,0,1
PABq2b,1,1,1,1,0,4
NABZBQ,1,0,0,1,0,2
NABZLB,1,0,0,0,0,1
lNlENv,1,0,0,0,0,1
WAp7Pj,1,1,1,1,0,4
rlrZqL,0,0,1,0,0,1
kYRPxZ,1,0,0,0,0,1
24x6JL,1,0,1,0,0,2
AlbX9N,0,0,0,1,0,1
VZ16Zy,1,0,0,0,0,1
9dJK44,1,0,0,0,0,1
YZzAzd,1,0,0,0,0,1
RzB9gQ,1,0,0,0,0,1
XeBbB4,1,1,1,0,0,3
24x67A,1,0,0,1,0,2
zKQ6G8,1,0,0,0,0,1
qbElE7,1,1,0,0,0,2
PABqGd,1,0,0,0,0,1
qbElN8,1,0,0,0,0,1
9dJKWV,1,1,1,0,0,3
rlrZgp,1,0,0,1,0,2
ylqa04,1,0,0,0,0,1
0EjWZ0,1,1,0,0,0,2
lNlEyv,1,1,1,0,0,3
g5Nok1,1,1,1,1,0,4
1r2a6L,1,1,0,0,0,2
g5NoNd,0,0,0,0,1,1
LdM2qy,1,0,0,0,0,1
DVvGYX,1,1,1,0,0,3
zKQ6OZ,1,1,0,0,0,2
bl4JE6,1,0,0,0,0,1
xdNWLd,0,0,1,0,0,1
zKQ6gZ,1,0,0,1,0,2
QABQkk,1,1,0,0,0,2
OABNL7,1,1,0,0,0,2
24x6ge,1,0,0,0,0,1
NABZyp,1,0,1,0,0,2
jB9Vk6,0,0,0,0,1,1
VZ16y6,1,1,1,1,0,4
pLP24V,1,0,1,0,0,2
6dQBM5,1,0,0,0,0,1
24x6lA,1,0,0,0,0,1
rlrZQo,1,0,0,1,0,2
42NbNO,0,1,0,1,0,2
jB9VY1,1,0,0,0,0,1
RzB9kP,0,0,0,0,1,1
24x67b,1,0,0,1,0,2
YZzAZJ,1,0,0,0,0,1
zKQ6Za,1,1,0,0,0,2
g5NogM,1,1,1,0,0,3
VZ16MJ,1,1,1,1,0,4
pLP2Pb,1,0,0,0,0,1
LdM2NJ,1,0,0,0,0,1
bl4JOL,0,1,0,0,0,1
bl4Jy7,1,1,0,1,0,3
NABZv0,1,0,1,1,0,3
42NbLk,1,0,0,1,0,2
9dJKvp,1,0,0,1,0,2
6dQB4o,1,0,0,0,0,1
kYRPO6,1,1,0,1,0,3
ZdRBy5,1,1,0,0,0,2
oAVj01,1,0,0,0,0,1
AlbX8D,1,0,1,0,0,2
VZ16Mv,1,0,0,1,0,2
pLP261,1,1,0,0,0,2
vNx9Vg,1,0,0,1,0,2
vNx9K8,1,0,0,0,0,1
qbElBG,1,0,1,1,0,3
7d9kj6,1,0,0,0,0,1
KMBjkK,1,0,0,0,0,1
vNx9z8,1,0,0,0,0,1
zKQ6Ja,1,0,0,0,0,1
AlbXOy,1,0,0,0,0,1
PABqr0,1,1,0,1,0,3
dY2yXr,1,0,0,0,0,1
jB9VrQ,1,0,1,0,0,2
GrBPq2,1,1,0,1,0,3
7d9k52,1,0,0,0,0,1
0EjW5A,1,1,0,0,0,2
KMBjGK,1,1,0,0,0,2
vNx9gX,1,0,0,1,0,2
bl4J4o,1,0,0,1,0,2
24x6Rb,1,1,1,0,0,3
dY2ygD,1,0,0,0,0,1
ylqar8,1,1,1,0,0,3
DVvG9l,1,0,0,1,0,2
RzB92v,0,1,1,0,0,2
jB9V7x,1,0,0,0,0,1
EPbO6L,0,1,0,0,0,1
jB9VB4,1,0,0,1,0,2
xdNWv9,1,1,1,0,0,3
5dqApP,1,1,1,0,0,3
LdM2k2,1,0,0,0,0,1
vNx9Lv,1,0,0,0,0,1
zKQ64k,1,0,0,0,0,1
5dqAko,1,1,1,0,0,3
pLP2zE,1,0,0,1,0,2
NABZQp,1,1,0,0,0,2
lNlE5V,1,0,0,0,0,1
VZ16Nl,1,0,0,0,0,1
0EjWyA,1,0,0,0,0,1
EPbOel,1,1,0,0,0,2
OABNKa,1,0,0,0,0,1
8dplAA,1,1,0,0,0,2
oAVjpN,1,0,0,0,0,1
1r2agg,1,1,0,0,0,2
EPbOgA,1,0,0,1,0,2
lNlEZX,1,0,0,0,0,1
5dqAgN,1,0,0,0,0,1
RzB9z9,1,0,0,1,0,2
5dqADQ,1,0,0,0,0,1
24x6ze,1,0,0,1,0,2
jB9V21,1,1,0,0,0,2
0EjWGP,1,0,0,1,0,2
aBrMxB,1,0,0,0,0,1
KMBjAg,1,0,0,0,0,1
AlbXGl,1,0,0,0,0,1
9dJKR1,1,0,0,0,0,1
LdM2E1,1,0,0,0,0,1
6dQBzA,0,1,0,0,0,1
dY2yKz,1,1,1,1,0,4
MAdxdX,1,0,1,0,0,2
6dQByN,1,0,0,1,0,2
dY2y1V,1,0,0,1,0,2
42NbAb,1,0,0,0,0,1
rlrZlN,1,1,0,0,0,2
VZ16xN,1,0,0,0,0,1
OABNdK,1,1,1,0,0,3
VZ16oa,1,1,0,1,0,3
zKQ6zR,1,1,0,0,0,2
NABZJQ,1,1,0,0,0,2
lNlE8N,,,,,,0
PABqqe,1,0,0,1,0,2
ylqa8X,1,1,0,0,0,2
KMBj2X,1,1,0,0,0,2
KMBjbA,,,,,,0
kYRP2R,1,0,0,0,0,1
jB9VRa,1,0,0,0,0,1
aBrMLB,1,0,0,0,0,1
YZzAAJ,1,0,1,1,0,3
VZ16Ra,,,,,,0
DVvGGZ,1,0,0,0,0,1
GrBPVL,1,0,0,0,0,1
9dJK05,1,0,0,0,0,1
24x6G9,1,0,0,1,0,2
rlrZQ2,1,1,0,0,0,2
YZzA1B,1,1,0,1,0,3
xdNW7d,1,1,1,0,0,3
ylqaBg,1,0,0,1,0,2
jB9V84,1,1,0,1,0,3
vNx95D,1,0,0,0,0,1
LdM22p,1,0,0,1,0,2
NABZ2j,1,0,0,0,0,1
RzB9yj,1,0,0,0,0,1
qbElqg,1,0,0,0,0,1
GrBPPk,1,0,0,0,0,1
DVvGQq,1,0,0,0,0,1
EPbOpX,1,0,0,0,0,1
6dQBgk,1,0,0,0,0,1
VZ16Wy,1,0,1,1,0,3
GrBP8o,1,0,0,1,0,2
MAdxWM,1,0,0,1,0,2
J2k4Po,1,0,0,1,0,2
GrBP2o,0,0,0,0,1,1
1r2a1W,1,0,0,1,0,2
AlbXXz,1,0,0,0,0,1
lNlExk,1,1,0,0,0,2
EPbRko,1,0,0,0,0,1
g5NoBl,1,0,0,1,0,2
LdM2A1,1,0,0,0,0,1
24x6QL,0,0,1,1,0,2
bl4pZ2,1,0,0,0,0,1
oAVj4V,1,0,0,1,0,2
QABQ6p,1,0,1,1,0,3
XeBbbY,1,1,1,0,0,3
KMBjKV,1,1,1,1,0,4
24x62j,1,1,0,0,0,2
oAVjrV,1,0,0,0,0,1
aBrMWv,1,1,0,0,0,2
9dJK8Q,1,1,0,0,0,2
rlrZZR,1,0,0,0,0,1
pLP2pB,0,1,0,0,0,1
24x6qV,1,1,0,0,0,2
EPbRKq,1,0,0,0,0,1
KMBEYM,1,1,0,0,0,2
qbElrG,1,1,1,0,0,3
1r2aol,1,0,0,0,0,1
RzB9XJ,1,0,0,0,0,1
rlrZ8R,1,0,0,0,0,1
5dq7BM,1,0,0,0,0,1
5dq7KM,1,0,0,0,0,1
oAVP61,1,0,0,1,0,2
1r2ajQ,1,0,1,0,0,2
5dq7bP,1,1,1,0,0,3
DVv8kp,1,0,1,0,0,2
BGbRPN,1,0,1,1,0,3
YZzABW,1,0,0,0,0,1
zKQ6pq,1,0,0,0,0,1
zKQ9E8,1,1,0,0,0,2
vNxZPX,1,0,0,0,0,1
EPbRzo,1,1,1,1,0,4
9dJkGG,1,0,0,0,0,1
dY2yyK,1,0,0,1,0,2
42N6r5,1,0,0,0,0,1
eBxXOl,1,0,1,1,0,3
7d9krR,1,0,0,0,0,1
PABxD0,1,1,0,0,0,2
24x6qp,1,0,0,0,0,1
ZdR7OA,1,0,0,0,0,1
pLPEBP,1,0,0,0,0,1
YZzA85,1,0,1,1,0,3
AlbgPB,1,0,0,0,0,1
GrBPEL,1,1,0,1,0,3
OABNO7,1,0,0,0,0,1
dY2M0N,1,1,0,0,0,2
oAVP25,1,0,0,0,0,1
VZ1eGE,1,0,0,0,0,1
jB9RlY,1,0,0,0,0,1
6dQBXB,1,0,0,1,0,2
rlrZzv,1,0,1,0,0,2
J2kPqY,1,0,0,1,0,2
EPbOGB,1,0,0,0,0,1
eBxJ5E,1,0,0,0,0,1
ylqQJ6,1,0,1,1,0,3
QABZ2g,1,1,0,0,0,2
EPbRPl,1,1,0,0,0,2
bl4JPg,1,1,0,0,0,2
vNxZGA,1,0,0,0,0,1
YZz6ZN,1,0,0,0,0,1
0Ej9d0,1,1,1,0,0,3
AlbgBo,1,0,0,0,0,1
0Ej9BQ,1,0,0,0,0,1
1r2eXO,1,1,0,0,0,2
VZ16WM,1,0,0,1,0,2
vNx9oQ,1,0,0,1,0,2
GrBGvj,1,1,0,0,0,2
g5Nl9M,1,1,0,1,0,3
qbEl89,1,0,0,0,0,1
9dJkdE,0,0,1,0,0,1
VZ162v,1,0,0,1,0,2
bl4pVe,1,0,0,0,0,1
lNlG7v,1,1,0,0,0,2
aBrM8q,1,0,0,0,0,1
RzBNoP,1,0,0,1,0,2
EPbRQ2,1,0,0,1,0,2
ZdR7dV,1,0,0,0,0,1
8dpBdl,1,0,1,0,0,2
xdNqrJ,0,1,0,0,0,1
GrBGlQ,1,0,0,0,0,1
ZdRB40,1,0,0,0,0,1
7d9AW2,1,0,0,1,0,2
PABqMQ,1,1,1,0,0,3
jB9RGa,0,0,0,1,0,1
0Ej9V0,1,0,0,0,0,1
g5Nl5P,1,0,1,1,0,3
Albgdl,1,1,0,0,0,2
42N6Ak,1,0,0,1,0,2
zKQ9ME,0,1,0,0,0,1
DVv85N,1,1,0,0,0,2
VZ1e8M,1,1,0,0,0,2
aBrLEb,1,0,0,1,0,2
24x6Wj,1,0,0,1,0,2
pLPEL1,1,0,0,0,0,1
qbErYG,1,0,0,0,0,1
6dQlWP,1,0,0,0,0,1
OAB2Aa,1,0,0,1,0,2
OAB2b7,1,0,1,1,0,3
vNxZMd,1,0,0,0,0,1
eBxXVe,1,0,0,0,0,1
DVvG6Z,0,1,0,0,0,1
QABQqX,1,0,0,0,0,1
ZdR7Dy,1,1,1,1,0,4
GrBGXp,1,0,0,0,0,1
rlr4PX,1,0,0,0,0,1
LdMr0l,1,1,1,1,0,4
eBxJ00,0,1,0,0,0,1
zKQ90R,1,1,0,0,0,2
J2kPVo,1,0,0,0,0,1
42N6jr,1,1,1,0,0,3
qbErd5,1,0,0,0,0,1
8dpBAO,1,1,0,0,0,2
DVv81l,1,0,0,0,0,1
PABxBV,1,0,0,0,0,1
5dq7jb,1,0,0,0,0,1
1r2ePM,1,0,0,0,0,1
1r2e7b,1,0,0,1,0,2
ZdR71z,1,1,0,1,0,3
LdMrWJ,1,1,1,1,0,4
6dQlOJ,0,1,0,0,0,1
KMBEyk,1,1,1,1,0,4
bl4pNL,1,1,0,0,0,2
xdNq0r,1,0,0,0,0,1
eBxJYO,1,0,0,0,0,1
VZ162J,1,0,1,0,0,2
rlr4p5,1,0,0,0,0,1
6dQl1k,1,0,0,1,0,2
aBrLk9,1,0,0,0,0,1
jB9R0a,1,0,0,0,0,1
5dq786,1,1,0,0,0,2
zKQ92a,1,0,0,0,0,1
42N6zO,1,0,0,0,0,1
1r2erg,1,0,0,0,0,1
LdMrq2,1,0,0,0,0,1
MAd4VX,1,0,0,1,0,2
42N69k,1,1,0,0,0,2
PABxYe,1,0,0,0,0,1
GrBGy2,1,1,1,0,0,3
EPbRb4,1,1,0,0,0,2
ZdR7ya,1,1,0,0,0,2
bl4Jbo,1,0,0,1,0,2
lNlG96,1,0,0,1,0,2
ZdR7ga,1,0,0,0,0,1
xdNWOy,1,0,0,0,0,1
42N6Ro,1,0,0,0,0,1
zKQ9BZ,1,0,0,0,0,1
5dq7GE,1,1,1,0,0,3
g5NlDN,1,1,0,0,0,2
42N6Do,1,0,0,0,0,1
WApWXL,1,0,0,0,0,1
AlbgaB,1,1,1,0,0,3
xdNqlo,1,1,0,0,0,2
KMBE2z,1,1,0,1,0,3
5dq7xv,1,0,0,0,0,1
QABZZY,1,0,0,0,0,1
MAdx0p,1,0,0,0,0,1
WApWgP,1,1,0,0,0,2
eBxJ8J,1,0,0,0,0,1
42N6Ob,1,0,0,0,0,1
WApWkQ,1,0,0,0,0,1
KMBEEg,1,0,0,0,0,1
6dQldA,0,0,0,1,0,1
rlr40N,1,0,0,0,0,1
DVv8QN,0,1,0,0,0,1
WApW6L,1,0,1,0,0,2
g5NlBD,1,0,0,0,0,1
QABZOp,1,1,0,0,0,2
KMBEgk,1,0,0,0,0,1
VZ1eAl,1,0,0,0,0,1
YZz62W,1,0,1,0,0,2
OAB2Yg,1,0,0,0,0,1
8dpBBl,1,1,0,1,0,3
VZ1e6j,1,0,0,0,0,1
WApWWe,0,0,1,0,0,1
rlr4e2,1,0,0,0,0,1
6dQlqY,1,0,0,0,0,1
8dpB2A,1,1,0,0,0,2
NABj2p,1,0,0,0,0,1
oAVPaM,1,0,0,0,0,1
DVv89p,1,1,0,0,0,2
jB9RLJ,1,0,0,0,0,1
rlrZXl,1,0,0,0,0,1
XeBbpg,1,0,0,1,0,2
ZdR7e0,1,1,0,0,0,2
WApWQJ,1,0,0,0,0,1
XeBaWz,1,1,0,0,0,2
xdNqzG,0,1,0,0,0,1
WApWxv,1,0,0,1,0,2
AlbgoD,1,0,0,0,0,1
dY2MBK,1,0,0,0,0,1
aBrROv,1,1,1,0,0,3
jB9jDa,1,0,0,1,0,2
jB9RO4,1,1,1,1,0,4
EPbRj4,0,0,1,0,0,1
8dpX1O,1,0,0,0,0,1
OAB6l8,1,0,0,0,0,1
J2kPNR,1,0,0,1,0,2
ylqBN4,1,1,0,1,0,3
LdMrQp,1,0,0,0,0,1
42N6WX,1,0,0,0,0,1
RzBAWd,1,0,0,1,0,2
oAVq21,1,1,0,0,0,2
BGbyPK,1,1,1,0,0,3
OAB648,1,1,0,1,0,3
KMB9Q8,1,0,0,0,0,1
rlr4zR,1,0,0,0,0,1
5dq7WE,1,0,0,0,0,1
eBxV50,1,1,0,0,0,2
vNxlyd,1,0,0,1,0,2
LdMePG,1,1,0,1,0,3
EPbRyr,0,1,0,0,0,1
vNxZ70,1,0,0,0,0,1
9dJ8D1,1,0,0,0,0,1
WApLzP,1,0,0,0,0,1
NABaJp,1,1,0,0,0,2
9dJ8Np,1,0,0,0,0,1
AlbEzk,1,0,1,1,0,3
MAdWKM,1,0,0,1,0,2
EPb2PL,1,0,0,0,0,1
xdNAp9,1,1,0,0,0,2
5dqJKo,1,1,0,0,0,2
rlrejl,1,1,1,1,0,4
7d9yRP,1,0,0,0,0,1
rlre6L,1,0,0,0,0,1
DVvjzj,1,0,0,0,0,1
dY2Oqo,1,1,0,1,0,3
AlbE6y,1,0,0,0,0,1
pLPQP1,1,0,0,0,0,1
J2kQlJ,1,0,0,0,0,1
EPb20A,1,0,0,0,0,1
BGbrD1,1,1,1,0,0,3
RzBABK,1,0,0,0,0,1
oAVqB5,1,1,1,0,0,3
ylqB9p,1,0,1,0,0,2
xdNAQE,0,1,0,0,0,1
1r2LM4,1,0,0,0,0,1
rlredX,1,1,1,1,0,4
vNxlql,1,1,0,1,0,3
XeBplg,1,0,0,0,0,1
EPb2do,1,1,1,0,0,3
24xW0D,1,0,1,0,0,2
oAVqvP,1,0,0,0,0,1
J2kQMR,1,0,0,0,0,1
lNlxDk,1,1,0,1,0,3
ylqBx6,1,0,0,0,0,1
GrBZqL,1,0,0,0,0,1
lNlxzk,1,0,0,0,0,1
ZdRMve,1,0,0,1,0,2
jB9jga,1,0,0,1,0,2
aBrRzB,1,0,0,0,0,1
oAVq0b,1,1,0,1,0,3
XeBpQg,1,0,0,0,0,1
pLPQ48,1,1,1,0,0,3
8dpXyx,1,0,1,0,0,2
oAVqaV,1,0,0,0,0,1
6dQgAY,1,0,1,0,0,2
xdNAoy,1,0,0,1,0,2
ylqBoX,0,0,0,1,0,1
eBxV8q,1,0,0,0,0,1
oAVqa1,1,0,0,0,0,1
24xpyV,1,0,0,0,0,1
0EjKGN,1,1,1,1,0,4
1r2LyW,1,0,0,0,0,1
NABavG,1,0,0,1,0,2
oAVq6P,1,0,0,0,0,1
YZz1bq,1,0,0,0,0,1
EPb2gX,1,0,0,0,0,1
PAB78B,1,0,0,1,0,2
8dpX8r,1,0,0,0,0,1
WApLda,1,0,0,1,0,2
0EjKy6,1,1,0,0,0,2
YZz1A0,0,1,0,0,0,1
g5NEKJ,1,0,0,0,0,1
xdNA59,1,1,0,1,0,3
dY2Ooz,1,1,0,0,0,2
NABaRj,1,1,0,1,0,3
QABbZl,1,0,0,0,0,1
5dqJoM,1,0,1,0,0,2
rlreXp,1,0,0,0,0,1
8dpXYA,1,0,0,0,0,1
KMB9AM,1,1,0,1,0,3
WApLLL,1,1,0,0,0,2
AlbEVy,1,1,0,0,0,2
vNxl7g,1,0,0,0,0,1
GrBZNe,1,1,0,0,0,2
YZz18v,1,1,0,0,0,2
AlbkLk,,,,,,0
7d9yy6,1,1,1,0,0,3
ylqB1g,1,0,1,1,0,3
PAB7M1,1,0,0,0,0,1
zKQVxM,1,0,0,0,0,1
lNlx8p,1,0,0,1,0,2
5dqNjo,1,1,0,1,0,3
GrBMKZ,1,1,1,1,0,4
jB9j11,1,1,0,1,0,3
5dqJYM,1,0,1,1,0,3
kYR2Dr,0,0,0,1,0,1
zKQV7a,1,0,0,0,0,1
8dp9Nz,0,0,0,1,0,1
vNxlRX,1,0,0,0,0,1
9dJe7p,1,0,0,0,0,1
VZ1Kkj,1,0,0,1,0,2
WAp48j,1,1,0,0,0,2
MAdWMA,1,0,1,1,0,3
xdNGXv,1,0,0,0,0,1
PABo6b,1,1,0,1,0,3
OAB6OM,1,0,1,1,0,3
6dQqO5,,,,,,0
kYR2Ld,1,1,0,0,0,2
0Ej4MZ,1,0,0,0,0,1
BGbvpQ,1,1,1,1,0,4
8dp9L5,1,0,0,0,0,1
8dp9po,1,0,0,0,0,1
EPbpKr,0,1,0,0,0,1
MAd0AX,1,0,0,1,0,2
DVvLzq,1,1,1,0,0,3
XeBjEd,1,0,0,0,0,1
OABRPK,1,0,0,0,0,1
qbEyL9,0,0,0,1,0,1
AlbkDW,1,0,0,1,0,2
bl4axo,1,1,0,1,0,3
DVvLV5,1,1,0,1,0,3
8dp9jk,1,0,0,0,0,1
24x2LA,1,0,1,1,0,3
GrBM1j,1,1,0,0,0,2
1r2L1g,1,0,0,0,0,1
9dJelG,0,1,0,0,0,1
xdNG0E,1,0,0,1,0,2
24x2vA,1,0,0,1,0,2
LdM8M2,1,1,0,0,0,2
MAd0Ml,1,0,0,0,0,1
jB9KW6,1,1,0,1,0,3
NABz8N,1,1,0,0,0,2
bl4aL2,1,1,0,0,0,2
J2ky8z,1,0,0,0,0,1
ZdRxV0,1,0,0,0,0,1
PABo0Q,1,1,0,0,0,2
g5NBYM,1,0,0,0,0,1
0Ej4lB,1,0,0,0,0,1
QABGxl,1,0,0,0,0,1
24x2DM,1,1,0,0,0,2
MAd0qA,1,1,0,0,0,2
ZdRxgB,1,0,0,0,0,1
lNlp2B,0,1,1,0,0,2
42NZeo,,,,,,0
RzBOa9,0,1,0,0,0,1
GrBMjZ,1,0,0,0,0,1
YZz2Ad,1,0,0,0,0,1
dY274o,1,0,0,0,0,1
PABoP1,1,0,0,0,0,1
GrBMEp,1,1,0,0,0,2
24x2qb,0,1,0,0,0,1
NABz2Q,1,0,0,0,0,1
g5NB6d,1,1,0,0,0,2
aBrWJv,1,0,0,1,0,2
42NZA5,1,0,0,0,0,1
RzBOyJ,1,1,0,0,0,2
lNlp8B,1,0,0,0,0,1
EPbp2o,1,0,1,0,0,2
VZ1rGy,1,0,0,1,0,2
kYRqad,1,1,0,0,0,2
0Ej4X0,1,1,0,0,0,2
eBxbko,1,1,0,0,0,2
lNlQrN,1,0,0,0,0,1
bl4P96,1,0,0,1,0,2
MAd0WY,1,0,0,0,0,1
9dJe8G,1,0,0,0,0,1
vNxkjX,0,0,0,0,1,1
VZ1rXg,1,1,0,1,0,3
zKQVV8,1,1,1,0,0,3
QABGgl,1,0,0,0,0,1
EPb9ll,1,0,0,0,0,1
24x26V,1,0,0,0,0,1
AlbZBe,0,1,0,0,0,1
ylqLXd,1,0,0,0,0,1
qbEyyd,1,0,0,0,0,1
KMBbM8,1,0,0,0,0,1
9dJVXE,1,0,1,0,0,2
zKQl7M,1,0,0,0,0,1
pLParP,1,1,0,0,0,2
VZ1g0g,1,0,0,0,0,1
GrBW9e,1,0,0,0,0,1
aBrWpq,1,0,0,0,0,1
8dpOeO,1,1,0,0,0,2
5dqRxZ,1,0,0,0,0,1
jB9Ne1,1,0,0,0,0,1
KMBbo8,1,0,0,0,0,1
DVvQKl,1,0,0,0,0,1
dY2rYo,1,0,0,1,0,2
24x2Jb,1,0,0,0,0,1
KMBbkK,0,0,0,1,0,1
ylqL9x,1,0,0,0,0,1
BGbNGQ,1,1,0,1,0,3
g5N2AO,1,0,1,1,0,3
eBx4zJ,1,0,0,0,0,1
eBx4lx,1,0,0,0,0,1
VZ1gxN,1,1,0,0,0,2
EPb9Y2,1,0,0,1,0,2
XeBX9e,1,1,1,0,0,3
oAVWQN,1,1,1,1,0,4
6dQoVo,1,1,1,1,0,4
vNxkK8,1,0,0,0,0,1
NABzGb,1,0,0,1,0,2
EPb9El,0,0,0,1,0,1
pLPgv1,1,1,0,1,0,3
24x2lM,1,0,0,0,0,1
OABRKR,1,0,0,1,0,2
24xpWb,1,1,1,0,0,3
lNlxeW,1,0,0,1,0,2
OAB6ER,1,1,1,1,0,4
DVvQbX,1,0,0,0,0,1
jB9jR9,1,1,0,0,0,2
KMBbAX,1,0,0,1,0,2
rlr7bo,1,1,0,0,0,2
RzBppJ,1,0,0,1,0,2
J2k7jK,0,0,0,0,1,1
ZdR0bB,1,1,0,0,0,2
bl4P1Z,1,0,0,0,0,1
bl4Pag,1,1,0,0,0,2
1r28gg,1,1,1,1,0,4
BGbNr5,0,1,0,0,0,1
42NeXb,1,0,0,0,0,1
GrBWAZ,1,1,0,0,0,2
xdNKWr,1,0,0,0,0,1
9dJVkQ,1,0,0,0,0,1
OABvZY,1,0,0,0,0,1
42NeJo,1,1,0,1,0,3
ylqV46,1,0,0,1,0,2
pLP8oy,1,0,0,0,0,1
5dqW9v,1,0,0,0,0,1
NABG0O,1,1,0,1,0,3
ylqVl8,1,0,0,0,0,1
0EjNE9,1,0,0,0,0,1
kYRMEZ,1,0,0,0,0,1
8dp7Zk,0,1,0,0,0,1
WApxEL,1,1,0,0,0,2
EPbyLB,1,1,1,0,0,3
GrB8Qo,1,1,1,0,0,3
xdNOZv,1,1,0,0,0,2
24x02L,1,1,0,0,0,2
WApxeN,1,0,0,0,0,1
J2k5Vo,1,0,0,0,0,1
VZ129g,1,0,0,1,0,2
NABGBl,1,0,0,1,0,2
VZ12oJ,1,0,0,0,0,1
J2k5Md,1,0,0,0,0,1
EPbyvX,0,1,1,0,0,2
VZ12yl,1,0,0,0,0,1
oAVXgX,1,0,0,1,0,2
qbE0ek,1,0,0,0,0,1
g5NKXM,1,0,0,0,0,1
EPbyOl,0,1,0,0,0,1
24xQRp,1,0,0,0,0,1
dY2BOd,1,0,0,0,0,1
PABVoe,0,1,0,0,0,1
xdNO19,1,1,1,1,0,4
zKQPLq,1,1,0,0,0,2
vNxoVX,1,0,0,0,0,1
24xQGe,1,1,0,0,0,2
eBxkrJ,1,1,0,0,0,2
rlrzbp,1,1,0,0,0,2
xdNOWd,1,1,1,1,0,4
qbE09g,1,1,0,0,0,2
VZ12rM,1,1,0,0,0,2
pLPlyV,0,1,0,0,0,1
GrB8jz,1,0,0,0,0,1
pLPlbq,1,1,0,0,0,2
24xM8L,1,0,0,0,0,1
QABP67,1,1,1,1,0,4
6dQaoJ,1,0,1,1,0,3
PABVZx,1,1,1,1,0,4
RzB7Pp,,,,,,0
QAB6Mg,1,0,1,0,0,2
OABWXK,1,0,0,0,0,1
ylqWYp,1,0,0,0,0,1
VZ1kGv,1,0,0,0,0,1
bl40qo,0,0,0,0,1,1
NABelG,1,0,0,0,0,1
5dqy9M,1,1,0,1,0,3
kYRVEJ,1,0,0,1,0,2
Alb1GN,1,0,0,0,0,1
rlrxo5,0,0,0,1,0,1
OABW5A,1,1,0,0,0,2
zKQPpR,1,0,0,1,0,2
WApvYR,1,1,0,1,0,3
xdNOlo,1,0,0,0,0,1
NABe7W,1,1,1,1,0,4
aBr8zB,1,1,0,0,0,2
MAd98k,1,1,1,1,0,4
xdNel5,1,1,0,0,0,2
xdNe6r,0,0,0,1,0,1
42NgdO,1,1,0,1,0,3
5dqyVo,1,0,0,0,0,1
QAB6JY,1,0,0,0,0,1
DVvl9b,1,0,0,0,0,1
DVvlbq,1,1,0,1,0,3
qbE2M2,1,0,0,1,0,2
5dqyoM,0,0,0,1,1,2
24xMzp,1,1,0,1,0,3
42NgEk,1,1,0,0,0,2
XeBKAd,1,0,0,1,0,2
RzB7Qp,1,1,0,0,0,2
GrB2GQ,1,0,0,0,0,1
MAd9WE,1,0,0,0,0,1
oAV4YX,1,0,0,1,0,2
g5NRxN,1,0,0,1,0,2
42NgM5,1,0,0,1,0,2
lNlPqW,1,0,0,1,0,2
aBr8JE,1,0,0,0,0,1
42Ne8r,1,0,0,1,0,2
LdMQxO,1,1,0,0,0,2
XeBK0d,1,0,0,0,0,1
8dp00l,1,0,0,1,0,2
ZdRpqV,1,1,0,0,0,2
24xM5V,1,0,1,1,0,3
24xqAj,0,0,1,0,0,1
OABWqp,1,1,1,1,0,4
9dJzzE,1,0,0,0,0,1
7d9809,1,0,0,1,0,2
dY258K,1,1,0,0,0,2
YZzEjJ,1,0,0,0,0,1
PABMpV,1,0,0,0,0,1
xdNkX5,1,0,0,0,0,1
LdMA7v,1,1,0,0,0,2
1r2Zb4,,,,,,0
XeBKZP,1,1,1,0,0,3
jB9dPx,1,0,0,0,0,1
42NWaY,1,1,0,1,0,3
KMBq7X,0,1,0,0,0,1
oAVry1,1,0,0,0,0,1
QABgJk,1,1,0,0,0,2
DVvl6p,1,0,0,0,0,1
8dpveY,1,0,0,0,0,1
DVvrvp,1,0,1,0,0,2
ylqKZX,1,0,0,0,0,1
EPbjYr,0,0,0,1,0,1
VZ1RYl,1,1,0,1,0,3
rlrNpR,1,0,0,0,0,1
vNx710,0,1,0,0,0,1
DVvrMl,1,1,0,0,0,2
bl4B20,1,0,0,0,0,1
WApGZk,1,1,1,1,0,4
7d9BgZ,1,1,1,0,0,3
PABaYx,1,1,1,1,0,4
GrBNyk,1,1,1,1,0,4
vNx7pD,1,0,0,0,0,1
24xqzL,1,1,1,0,0,3
XeBVpd,,,,,,0
J2kayY,1,0,0,0,0,1
jB9O5J,1,1,0,0,0,2
aBrbpq,1,1,0,0,0,2
XeBVZV,1,1,1,1,0,4
rlrx85,1,0,0,0,0,1
eBxdOE,1,1,0,1,0,3
BGbO2e,1,0,0,0,0,1
NABKaW,1,1,0,0,0,2
g5NyOD,1,0,0,0,0,1
ylqKLW,1,0,0,1,0,2
ylqK54,1,1,0,0,0,2
ZdR4pA,1,0,0,1,0,2
jB9dOY,1,0,0,0,0,1
1r2ZLO,1,1,0,0,0,2
qbYZaO,1,0,0,0,0,1
AlboEW,1,1,0,0,0,2
BGL4dR,1,0,0,0,0,1
jB0DlJ,0,1,0,0,0,1
eBNZDx,1,0,0,0,0,1
J2VKAR,1,0,0,0,0,1
jB0DQ4,0,0,1,0,0,1
0Ebr79,1,1,0,0,0,2
qbYZR9,1,1,1,1,0,4
yl0ZDB,1,0,0,0,0,1
xd0xPo,1,0,0,0,0,1
XeRlWY,1,0,0,1,0,2
eBNZA0,1,0,0,0,0,1
6d1J4N,,,,,,0
J2VKgX,,,,,,0
aBjN4X,0,1,0,0,0,1
VZ9EVv,1,1,1,0,0,3
yl0Zep,1,0,0,1,0,2
7dJlza,1,1,0,0,0,2
XeRlQe,1,1,0,1,0,3
WAe90j,1,0,0,0,0,1
dYZqdK,1,0,0,0,0,1
Al6PLz,1,0,1,1,0,3
eBNZzJ,1,0,0,0,0,1
J2VKGX,1,1,0,1,0,3
PABaAP,1,1,0,0,0,2
YZoDgv,1,0,0,0,0,1
24b8Y9,1,1,0,0,0,2
ZdG5yV,1,1,0,1,0,3
RzZK14,0,1,1,1,0,3
LdE14p,0,0,0,0,1,1
QAx2qG,1,0,0,0,0,1
bl2Vy6,1,0,0,0,0,1
Grovo2,1,0,0,0,0,1
0Ebry9,1,0,0,0,0,1
PA2jNB,1,0,0,1,0,2
VZ9Eyj,1,0,0,0,0,1
lN0DEk,0,1,1,0,0,2
WAe9GJ,1,1,0,0,0,2
eBNZdq,0,1,0,0,0,1
pL0xab,1,1,0,1,0,3
BGL4r5,1,0,1,1,0,3
KMPQ9A,1,0,1,0,0,2
1rbP1M,1,0,0,0,0,1
6d18jo,1,0,0,1,0,2
EPBkqq,1,0,0,0,0,1
MArKXl,1,1,0,0,0,2
24bEBg,1,0,0,1,0,2
yl0PXW,1,0,0,0,0,1
zK0xYg,1,1,0,0,0,2
RzZG44,1,0,0,0,0,1
42142r,1,0,0,1,0,2
BGLzXe,1,0,1,0,0,2
MAreLA,1,0,0,0,0,1
OAjDGM,1,0,0,0,0,1
rl0jGl,,,,,,0
jB0aW4,1,0,0,0,0,1
xd0Xy5,,,,,,0
dYZWjK,1,0,0,1,0,2
pLPjdJ,1,0,0,1,0,2
EPBkPl,1,0,0,1,0,2
0EbQbN,1,0,0,1,0,2
yl0PeB,0,0,0,0,1,1
Grox5j,1,1,1,0,0,3
8dJ1rA,0,0,0,1,0,1
4214qo,1,1,0,0,0,2
aBjQgW,1,1,1,0,0,3
aBjQyy,1,0,0,1,0,2
jB0ap9,1,1,0,0,0,2
7dJRez,1,0,0,0,0,1
BGLz71,1,1,0,0,0,2
NA4p5W,1,1,1,0,0,3
6d18eo,1,0,0,0,0,1
lNlQkv,1,0,0,0,0,1
8dJoAY,1,1,0,1,0,3
6d18yo,0,1,0,0,0,1
OAjD6g,1,0,0,1,0,2
dYZWer,1,0,0,0,0,1
YZo58J,1,0,0,1,0,2
8dJ175,0,1,0,0,0,1
XeRxKg,1,1,0,0,0,2
oA09eX,,,,,,0
rl0jRp,1,0,0,0,0,1
MAr1DY,1,0,0,0,0,1
rl0DO5,1,0,0,0,0,1
bl2Z70,1,0,0,0,0,1
QAxoJY,,,,,,0
421a7B,1,0,0,0,0,1
vN0XBX,1,0,0,0,0,1
yl0XYW,1,1,1,1,0,4
NA4q0p,1,0,0,0,0,1
7dJXK9,1,1,0,1,0,3
WAeJek,1,1,0,0,0,2
Al6rdo,0,1,0,0,0,1
rl0DvN,1,0,0,0,0,1
yl0Xdg,1,1,0,0,0,2
KMPpk8,0,0,0,1,0,1
rl0DJN,1,0,0,1,0,2
6d1DWJ,0,0,0,1,0,1
zK0EJk,1,1,0,0,0,2
8dJNGr,1,0,0,0,0,1
XeR5zg,1,0,0,0,0,1
bl25aZ,1,0,0,1,0,2
VZ9pXE,1,0,0,1,0,2
DVXqPb,1,0,0,0,0,1
xd0Vgo,1,1,0,0,0,2
9d6NaY,1,1,0,1,0,3
g5QbLJ,1,0,0,0,0,1
OAjQg8,1,0,0,0,0,1
PA2RWQ,1,0,0,0,0,1
PA2RLd,1,0,0,0,0,1
qbY58k,1,0,0,0,0,1
J2V17r,1,1,0,1,0,3
LdEDeJ,1,0,0,0,0,1
g5QbEJ,1,0,0,1,0,2
xd0VLG,1,0,0,0,0,1
RzZWAQ,1,0,0,1,0,2
kY0bMr,1,0,0,1,0,2
YZojoW,1,0,0,0,0,1
6d1L8J,1,0,0,0,0,1
0EbV9P,1,1,1,1,0,4
oA09Xb,1,0,0,0,0,1
MArXNp,1,1,1,1,0,4
bl2ZB1,1,0,1,0,0,2
jB0ZZa,1,0,0,0,0,1
dYZENo,0,1,0,0,0,1
7dJqKP,1,0,0,0,0,1
aBj94v,1,0,1,0,0,2
pL0ryq,0,1,0,0,0,1
qbYLA2,1,0,0,0,0,1
24bX4p,1,0,0,0,0,1
oA0E9P,1,0,0,1,0,2
PA2pOb,1,1,0,0,0,2
eBNMEE,1,0,0,0,0,1
XeRLLg,1,0,0,1,0,2
yl0Mjd,1,0,0,0,0,1
NA4rNQ,1,0,0,0,0,1
1rbXOl,1,1,0,0,0,2
Al6zN0,1,0,0,0,0,1
24bXgj,1,1,0,0,0,2
EPBK7o,1,0,0,1,0,2
YZoPDW,1,1,0,1,0,3
lN0BYo,1,0,1,1,0,3
yl0Mgx,1,1,0,0,0,2
dYZEVo,1,0,1,1,0,3
EPBKpL,1,1,0,1,0,3
jB0Z4E,1,1,0,0,0,2
Al6zgW,1,0,0,0,0,1
9d6BKG,1,0,0,0,0,1
vN0rj4,1,1,0,0,0,2
LdEZRv,1,0,0,0,0,1
RzZxOP,1,0,0,0,0,1
dYZELD,1,0,0,0,0,1
oA0D9b,1,1,0,1,0,3
DVXKql,1,0,0,0,0,1
MArXjX,1,0,0,0,0,1
7dJbL0,1,1,0,1,0,3
OAjlzR,1,0,0,0,0,1
0Eb7MN,1,0,0,0,0,1
qbYaBY,1,0,0,0,0,1
aBjeBv,0,1,0,0,0,1
RzZd4d,1,0,0,0,0,1
yl0Nx4,1,0,0,0,0,1
VZ9j8J,1,0,0,1,0,2
XeRrBO,0,1,0,0,0,1
ZdG8b0,1,0,0,0,0,1
XeRrOd,1,1,0,0,0,2
6d1eA5,1,1,0,0,0,2
24bBlb,1,1,1,0,0,3
kY09zd,1,1,0,0,0,2
9d6XPV,,,,,,0
6d1epo,1,1,1,1,0,4
zK0NRM,1,1,0,0,0,2
bl29y1,1,1,0,1,0,3
lN0qY6,1,0,0,0,0,1
RzZd2Q,1,1,0,0,0,2
eBND8k,1,0,0,0,0,1
lN0BDN,1,0,0,1,0,2
24bXyj,1,1,1,0,0,3
RzZdlK,1,0,0,0,0,1
YZoR15,1,1,0,0,0,2
g5QeBd,1,0,0,0,0,1
kY09M6,1,1,1,0,0,3
XeRJxV,1,1,1,1,0,4
EPBddA,1,1,0,0,0,2
kY0eNZ,1,0,0,0,0,1
VZ9QGl,1,1,0,0,0,2
vN0eAl,1,1,0,1,0,3
EPBdQl,1,1,0,0,0,2
1rbd4b,1,0,0,0,0,1
DVXkeZ,0,1,0,0,0,1
RzZM8d,1,0,0,1,0,2
QAxe0G,1,0,0,0,0,1
RzZMvJ,1,0,0,0,0,1
8dJapO,1,1,0,0,0,2
dYZaZq,1,0,0,0,0,1
pL0y5E,1,0,0,0,0,1
8dJa6x,1,0,0,1,0,2
7dJLP9,1,1,0,0,0,2
DVXkPX,1,1,1,1,0,4
ZdGEWv,1,0,0,0,0,1
6d1jYN,1,0,0,0,0,1
EPBde2,1,0,0,0,0,1
WAeEMN,1,1,0,0,0,2
PA21Nx,1,0,0,0,0,1
jB06VJ,1,1,0,1,0,3
OAj46g,1,0,0,0,0,1
VZ9Qvv,1,1,0,0,0,2
KMP57A,1,0,0,0,0,1
oA0RGM,1,1,1,1,0,4
42178d,1,1,0,1,0,3
bl2j0g,1,0,1,0,0,2
PA29Rb,1,0,1,1,0,3
KMPxY7,1,1,0,0,0,2
9d6ZDK,1,0,0,0,0,1
aBj4EZ,1,0,0,0,0,1
zK0M20,1,1,0,0,0,2
MAra58,1,0,1,1,0,3
jB0ovx,1,1,1,0,0,3
dYZ08o,0,0,0,1,0,1
PA29Pb,1,0,0,0,0,1
xd0Dlr,1,0,0,0,0,1
J2VlWo,1,1,0,0,0,2
dYZ0pA,1,0,0,0,0,1
aBj40Z,1,0,0,0,0,1
7dJKYz,1,0,0,0,0,1
MAraqY,1,0,0,0,0,1
WAeRaL,1,0,0,0,0,1
XeRoaz,1,0,0,0,0,1
VZ9Pya,1,0,0,0,0,1
24bAoL,1,1,0,0,0,2
6d1KqA,1,1,0,1,0,3
EPBlyl,1,0,0,0,0,1
WAeRxk,1,0,0,0,0,1
5dl90b,1,0,1,1,0,3
OAjXOY,1,0,1,1,0,3
RzZojd,1,0,0,0,0,1
24bA0e,1,1,0,0,0,2
421KXY,1,0,0,0,0,1
EPBxlN,1,0,0,0,0,1
oA026x,1,1,0,0,0,2
8dJZzO,0,1,0,0,0,1
OAj7zK,1,0,1,0,0,2
8dJZN5,1,1,1,0,0,3
YZo4r0,1,1,0,0,0,2
EPBxxN,1,0,1,0,0,2
6d1Zx5,1,1,1,0,0,3
lN060X,0,1,0,0,0,1
421K15,1,0,0,0,0,1
WAeRVL,1,1,0,1,0,3
zK07oa,1,0,0,0,0,1
vN0Pp0,0,0,0,0,1,1
oA02LX,,,,,,0
7dJN5Z,1,0,0,0,0,1
VZ9z7v,1,0,0,0,0,1
J2VOgo,1,0,0,0,0,1
eBNRqx,0,1,0,1,0,2
9d67bK,1,0,0,0,0,1
421r7Y,1,0,0,1,0,2
WAezOe,1,1,0,0,0,2
YZoajN,1,0,0,1,0,2
EPBWPX,1,0,0,0,0,1
24bX0b,1,0,0,0,0,1
LdEPgv,1,0,1,1,0,3
BGL7D7,1,1,0,0,0,2
QAxRll,1,0,0,0,0,1
LdEpLj,1,0,0,0,0,1
eBNRJO,1,0,0,0,0,1
rl0Pev,1,1,0,0,0,2
eBNRVO,1,0,0,0,0,1
6d1NEP,0,1,0,0,0,1
pL0OXB,1,1,0,0,0,2
VZ95pl,1,1,0,0,0,2
rl0ABp,0,1,0,0,0,1
oA0MD5,1,1,0,0,0,2
421x2Y,1,0,1,0,0,2
PA25pP,1,0,0,0,0,1
bl2xOZ,1,0,0,1,0,2
VZ9Jzy,1,0,0,1,0,2
Al6Lvy,1,1,1,0,0,3
aBjYvE,1,0,1,0,0,2
VZ95xl,1,1,0,0,0,2
GrodaO,1,0,0,0,0,1
EPBQjN,0,1,1,0,0,2
7dJ26P,1,0,0,0,0,1
PA26z0,1,1,0,1,0,3
PA2690,1,1,0,1,0,3
OAj56R,1,0,0,0,0,1
jB0yy1,1,0,0,0,0,1
LdEbJl,1,1,0,0,0,2
7dJW4R,0,1,0,0,0,1
OAjzjg,1,1,0,1,0,3
dYZ62d,1,0,0,1,0,2
KMP6W8,1,1,1,1,0,4
GrozzO,1,0,0,0,0,1
RzZ0Y4,1,0,0,0,0,1
8dJQar,1,0,0,0,0,1
KMPl5D,1,1,1,0,0,3
qbYDVO,1,0,0,0,0,1
PA2D2d,1,0,0,0,0,1
DVXNMq,1,0,0,0,0,1
WAeN6Q,1,0,0,0,0,1
8dJKgY,1,0,0,0,0,1
DVXNop,1,0,0,0,0,1
YZoQK6,1,0,0,0,0,1
ZdGNey,1,0,0,0,0,1
zK0qVk,1,0,0,0,0,1
Al6dOW,1,0,0,1,0,2
RzZ01P,1,0,0,0,0,1
VZ90e6,0,0,1,0,0,1
zK0qR8,1,0,1,0,0,2
J2V26Y,1,1,0,0,0,2
RzZzMJ,1,0,0,1,0,2
XeReMe,1,0,0,0,0,1
bl2lkE,1,1,0,1,0,3
Gror7k,1,0,0,0,0,1
oA0AgP,0,1,0,0,0,1
RzZzg9,1,1,0,0,0,2
QAxAqg,1,1,0,1,0,3
Al6lgN,1,0,0,0,0,1
RzZ4x4,1,1,0,1,0,3
bl2klo,1,0,0,0,0,1
KMPMg8,1,0,0,0,0,1
PA2Eq5,1,0,0,0,0,1
24brbV,1,0,1,0,0,2
vN020Q,1,0,0,0,0,1
yl0D7W,1,0,1,0,0,2
xd0Z4G,1,1,1,1,0,4
pL0VEB,0,1,0,0,0,1
PA2E9V,1,1,1,1,0,4
lN0LKk,1,1,1,1,0,4
bl2LeE,1,0,0,0,0,1
rl0L9M,0,1,0,1,0,2
zK0rDa,1,1,0,0,0,2
RzZYXK,1,1,0,1,0,3
oA0dW5,1,0,0,1,0,2
OAjJ0K,1,0,0,0,0,1
yl0EqW,1,1,0,0,0,2
dYZDzr,0,0,0,1,0,1
rl0dJp,1,1,1,0,0,3
zK0rl8,0,1,0,0,0,1
24bxPD,,,,,,0
QAxB11,1,0,1,1,0,3
7dJ9VA,1,1,0,1,0,3
kY005o,1,0,0,0,0,1
8dJJGz,1,0,1,0,0,2
zK00O8,1,0,1,0,0,2
6d1rZe,1,0,0,0,0,1
1rbD1L,1,0,0,0,0,1
RzZv5d,1,0,0,0,0,1
rl0J0M,1,1,0,1,0,3
RzZVaP,1,0,0,0,0,1
NA4d6b,,,,,,0
1rb6OQ,,,,,,0
PA2krV,1,0,0,0,0,1
BGL0v1,1,0,0,0,0,1
RzZjd9,1,0,1,0,0,2
PA2rZb,,,,,,0
0EbG0A,1,0,0,1,0,2
0EblMP,1,0,0,0,0,1
QAxXXp,1,0,0,0,0,1
VZ9yLy,1,0,0,1,0,2
dYZVYz,1,0,0,0,0,1
421dxO,1,0,0,0,0,1
g5QpyD,1,0,0,0,0,1
ZdGyJa,1,0,0,0,0,1
6d159J,1,1,0,0,0,2
9d6yGX,1,0,0,0,0,1
EPBEDN,1,0,0,0,0,1
OAj9JK,1,1,1,0,0,3
VZ9APy,1,0,1,0,0,2
zK02pE,1,0,0,0,0,1
pL09rJ,1,0,0,0,0,1
vN01zX,1,1,0,0,0,2
dYZ1Ly,1,1,0,0,0,2
yl0p26,1,0,0,0,0,1
xd0LMk,1,0,0,0,0,1
0EbyNZ,1,0,0,1,0,2
EPBrrA,1,0,1,0,0,2
KMPNqA,1,0,0,0,0,1
dYZ4Lq,1,0,0,0,0,1
aBjPVB,1,1,0,0,0,2
PA2LNd,1,0,0,0,0,1
WAeXWR,1,1,0,1,0,3
Al6NMo,1,0,0,0,0,1
RzZQG9,1,0,0,0,0,1
pL0X88,1,0,0,0,0,1
YZoXgd,1,0,0,1,0,2
Al6Ypk,1,0,0,0,0,1
xd07Jo,1,0,1,0,0,2
bl2XQ0,1,0,0,0,0,1
XeRdOY,1,1,1,1,0,4
421Y15,1,0,0,0,0,1
yl0pvg,1,0,0,0,0,1
kY04pR,1,0,0,0,0,1
WAe6Bj,1,0,0,0,0,1
EPBGrX,1,1,0,0,0,2
GroVAj,1,0,0,1,0,2
RzZQyl,1,0,0,0,0,1
YZob20,1,1,0,0,0,2
VZ9aKE,1,0,0,0,0,1
4210X5,1,1,0,0,0,2
BGLoze,1,1,0,1,0,3
kY04Md,1,1,0,0,0,2
yl0bW6,1,0,0,0,0,1
bl2RdL,1,1,1,1,0,4
jB0r8R,1,0,0,0,0,1
EPBVKl,1,1,0,1,0,3
aBjJeX,1,0,0,1,0,2
MArZAp,1,1,0,0,0,2
NA4vpQ,1,0,0,0,0,1
Al6YG0,1,1,1,1,0,4
xd0byG,0,1,0,0,0,1
ZdGkZA,1,1,0,0,0,2
xd0bvk,1,0,0,0,0,1
421Yyk,1,0,1,1,0,3
vN069v,0,0,0,1,0,1
QAx9Ol,1,1,0,0,0,2
zK0B5a,1,0,0,0,0,1
7dJ0a6,1,1,0,0,0,2
bl2RPe,1,1,0,0,0,2
LdExxv,1,0,0,0,0,1
xd0bKG,0,1,0,0,0,1
ZdGb5v,1,0,0,0,0,1
aBjpNy,1,0,0,0,0,1
7dJ7L2,1,1,0,0,0,2
ZdGb8A,1,1,0,0,0,2
WAeaYN,1,1,1,0,0,3
421lqd,1,0,1,1,0,3
KMPrWM,1,0,0,0,0,1
NA42jj,1,0,0,0,0,1
5dlaPZ,0,1,0,0,0,1
1rbQLl,1,0,0,1,0,2
VZ9WWj,1,1,1,0,0,3
J2VE7o,1,0,0,1,0,2
pL0prV,1,0,0,1,0,2
8dJ4kr,1,0,0,0,0,1
8dJbO5,1,0,0,0,0,1
BGLWAQ,0,0,0,1,0,1
MArpbE,1,0,0,0,0,1
EPB7JB,1,0,0,0,0,1
bl2QVo,1,1,0,0,0,2
1rbogO,1,0,0,0,0,1
ZdGrXv,1,1,0,0,0,2
5dlP0b,1,0,1,1,0,3
yl0574,1,1,0,0,0,2
7dJYrL,1,0,0,0,0,1
pL0p0B,0,0,0,1,0,1
NA41kO,1,0,0,0,0,1
RzZ9Md,1,1,0,0,0,2
EPBVEB,1,0,0,0,0,1
LdE2P1,0,1,0,0,0,1
1rbav4,1,0,0,1,0,2
YZoAkW,1,0,0,0,0,1
zK06rZ,1,1,1,0,0,3
qbYlJg,1,0,1,0,0,2
24b6lD,1,0,0,0,0,1
YZolB0,1,0,0,1,0,2
WAe71v,1,0,0,0,0,1
5dlAod,1,0,0,0,0,1
J2V4BR,1,1,0,0,0,2
6d1Bx5,1,0,0,0,0,1
aBjMgv,1,0,0,0,0,1
LdE2B1,1,1,1,0,0,3
GroPMQ,1,1,1,1,0,4
8dJlOk,1,0,0,0,0,1
421be5,0,0,1,0,0,1
yl0aKd,1,0,0,0,0,1
NA4Zep,1,0,0,0,0,1
LdE2AJ,1,0,0,0,0,1
ZdG7oB,1,0,0,1,0,2
OAj2QY,1,1,0,0,0,2
QAxZKY,1,0,1,0,0,2
VZ9eEj,1,1,0,1,0,3
QAxZoX,1,0,0,1,0,2
24bWa9,1,0,0,0,0,1
RzZNGK,1,0,0,0,0,1
kY0o0j,1,0,1,1,0,3
EPBO42,1,1,0,0,0,2
LdErgl,1,0,0,0,0,1
NA4j2B,1,1,0,0,0,2
dYZM4K,1,0,0,0,0,1
4216Gr,1,0,0,0,0,1
OAj2P8,1,0,0,0,0,1
g5Ql6l,1,0,0,0,0,1
1rbQAL,1,0,0,0,0,1
PA2xLe,1,1,0,0,0,2
zK09P8,1,1,0,0,0,2
MArW1E,1,0,0,1,0,2
J2VQK7,1,0,1,0,0,2
KMPEj7,1,0,0,0,0,1
421MJ5,0,1,0,0,0,1
zK09M0,1,0,0,0,0,1
kY0oQe,1,1,0,0,0,2
J2VQqz,1,0,0,0,0,1
OAj6lM,1,0,0,0,0,1
YZo1QW,1,0,0,0,0,1
MArWYp,1,0,0,1,0,2
ZdGM2V,1,1,0,0,0,2
pL0QyP,1,0,0,0,0,1
ZdGMlo,1,0,0,0,0,1
g5QEA4,1,0,0,0,0,1
kY02eZ,1,1,0,1,0,3
bl2oOL,1,0,0,0,0,1
xd0APy,0,1,0,0,0,1
EPB28o,1,0,0,0,0,1
24bpOV,1,1,0,0,0,2
EPB2bN,1,1,0,1,0,3
LdEeGp,1,1,0,0,0,2
MArWLM,1,0,0,1,0,2
yl0QNX,1,0,0,1,0,2
GroOb2,,,,,,0
rl0ek5,1,0,0,1,0,2
bl2oKe,1,1,0,1,0,3
NA4a8G,1,1,0,1,0,3
7dJy1L,1,0,0,0,0,1
oA0qlV,1,1,0,1,0,3
xd05Ad,1,1,0,0,0,2
pL0EGV,1,0,0,0,0,1
PA27Bb,1,0,0,0,0,1
RzZNVQ,1,0,0,1,0,2
9d6k64,1,1,1,1,0,4
QAxbe1,0,0,1,0,0,1
xd0qov,1,0,0,1,0,2
24bDag,1,1,1,1,0,4
aBjRaE,1,0,1,0,0,2
rl0eqL,1,1,0,0,0,2
PA27P0,1,0,0,1,0,2
xd0ABE,1,0,0,0,0,1
8dJXEo,1,0,0,0,0,1
ZdGML5,1,1,0,1,0,3
5dlJgQ,1,1,1,0,0,3
LdEejy,0,1,0,0,0,1
EPB2YA,1,0,0,0,0,1
6d1gzN,1,0,1,1,0,3
KMP9bA,1,1,1,1,0,4
J2VQ54,1,0,0,0,0,1
lN0x46,1,0,0,0,0,1
5dlJ7E,1,1,0,1,0,3
BGLrPN,1,1,1,1,0,4
8dJ9NA,1,0,0,0,0,1
8dJ9Kr,1,0,0,0,0,1
vN0Re8,1,1,0,0,0,2
421ZLr,1,1,1,1,0,4
YZo1L5,1,0,0,1,0,2
LdE80y,1,0,0,1,0,2
qbYyOg,0,1,0,0,0,1
zK0VKg,1,1,0,0,0,2
rl0XVo,1,0,0,0,0,1
PA2o5x,1,1,0,0,0,2
qbYyb5,1,0,0,1,0,2
5dlNZb,1,0,0,0,0,1
eBNbAx,0,1,0,0,0,1
OAjR0a,1,1,1,0,0,3
kY0LOR,1,1,0,0,0,2
KMPXLX,1,1,0,0,0,2
kY0LAr,1,0,0,0,0,1
jB0KLJ,1,1,0,1,0,3
Al6kbz,1,0,0,0,0,1
WAe4Mv,1,0,0,0,0,1
9d6eEV,1,0,0,0,0,1
MAr0VX,0,1,0,0,0,1
6d1qWP,1,1,0,0,0,2
BGLvAQ,1,1,1,1,0,4
eBNbyq,1,0,0,0,0,1
YZo2x5,1,0,0,0,0,1
ZdGxvo,0,1,0,0,0,1
aBjWKB,1,0,0,1,0,2
24b2lj,1,0,1,1,0,3
zK0Vo8,0,1,0,0,0,1
8dJ9RO,1,0,1,0,0,2
WAe4BP,1,1,0,0,0,2
MAr0PY,1,1,0,0,0,2
lN0pzW,1,1,0,0,0,2
NA4zdQ,1,0,0,0,0,1
GroMYZ,1,0,0,0,0,1
jB0KJx,1,1,0,0,0,2
EPBpMN,1,0,0,0,0,1
24b2Vp,1,0,1,1,0,3
1rbjEg,1,0,0,1,0,2
g5QB6J,1,0,0,0,0,1
6d1q4e,1,0,0,0,0,1
9d6eg4,1,0,0,0,0,1
jB0Kq9,1,0,0,0,0,1
DVXL6E,1,1,0,0,0,2
dYZ7yV,1,1,0,1,0,3
zK0VO1,1,1,0,1,0,3
g5QBpN,1,0,0,1,0,2
9d6ey1,1,0,0,1,0,2
RzZOqv,1,0,0,0,0,1
vN0R6X,1,0,0,1,0,2
oA0JJb,1,0,0,0,0,1
EPBpo2,1,1,0,1,0,3
bl2aG2,1,0,0,0,0,1
QAxGkp,1,1,0,0,0,2
VZ9rRg,1,1,0,1,0,3
ZdGxB5,1,0,0,0,0,1
xd0G5k,1,1,0,0,0,2
J2Vy5K,1,0,1,0,0,2
J2VyvX,1,0,0,0,0,1
7dJQ9R,1,1,0,1,0,3
0EbXQy,,,,,,0
7dJQOz,1,1,1,1,0,4
8dJ9Xl,1,0,0,1,0,2
rl0XKo,1,0,0,1,0,2
WAe4vv,1,1,0,0,0,2
OAjRqk,1,0,0,0,0,1
g5QBoJ,1,0,0,1,0,2
zK0lMq,1,0,0,0,0,1
RzZO7j,1,1,0,1,0,3
NA4kXG,1,0,0,0,0,1
8dJ9vP,1,0,0,0,0,1
GroW6p,0,0,0,1,0,1
YZo2Av,1,1,0,0,0,2
1rbjQ4,1,0,0,0,0,1
421Z6r,1,0,0,0,0,1
PA2oG5,1,1,0,0,0,2
OAjv1R,1,1,1,0,0,3
lN0Q65,1,1,0,0,0,2
DVXQzb,0,0,0,1,0,1
DVXLgN,1,0,0,0,0,1
Al6kVz,1,1,0,0,0,2
EPB9LA,1,0,0,0,0,1
rl07A5,1,0,0,1,0,2
5dlRvv,1,1,1,0,0,3
5dlRb6,1,1,1,0,0,3
aBjWWX,1,0,0,0,0,1
RzZp4P,1,0,0,1,0,2
PA2KBx,1,0,0,0,0,1
DVXQyq,1,1,0,1,0,3
xd0KBy,1,0,0,0,0,1
rl07PM,1,1,0,0,0,2
rl07dX,1,1,1,1,0,4
5dlRpZ,1,0,0,1,0,2
5dlReZ,1,0,0,0,0,1
xd0G4r,1,0,0,0,0,1
9d6VR5,0,0,1,0,0,1
eBN46E,1,0,0,0,0,1
pL0a41,1,0,0,0,0,1
rl07vR,1,1,0,0,0,2
PA2K5d,1,0,1,0,0,2
LdElkp,1,1,1,1,0,4
xd0KYG,1,1,0,0,0,2
zK0lA1,1,0,0,0,0,1
VZ9gJa,1,1,1,1,0,4
pL0a6b,1,0,0,0,0,1
DVXQWR,0,0,0,1,0,1
LdEljG,1,0,0,0,0,1
xd0KbG,1,0,0,0,0,1
DVXQrl,1,0,0,0,0,1
vN0ojg,1,1,0,0,0,2
9d6Vk4,1,0,0,0,0,1
pL0apZ,1,1,1,0,0,3
rl077p,1,0,1,0,0,2
WAeyxR,1,0,0,0,0,1
BGLM4e,1,0,1,1,0,3
GroWMQ,1,0,0,0,0,1
aBjVYE,1,1,0,0,0,2
KMPbbz,1,1,1,1,0,4
dYZr5V,1,1,0,0,0,2
421e7X,1,1,0,0,0,2
yl0L7g,1,1,0,0,0,2
1rbq9p,1,0,0,0,0,1
eBNkMk,1,0,1,0,0,2
YZo82z,1,0,0,0,0,1
YZoN0J,0,0,0,1,0,1
0EbX29,1,1,0,0,0,2
24bQXD,1,1,1,0,0,3
bl2bV6,0,0,1,0,0,1
7dJ62P,1,1,1,0,0,3
RzZE4J,1,0,0,0,0,1
DVXgkZ,1,0,0,0,0,1
PA2VO5,1,0,0,0,0,1
24bQeL,1,0,0,0,0,1
YZo8eB,1,0,0,0,0,1
6d1adB,1,1,0,0,0,2
J2V52d,1,0,1,0,0,2
XeRXyj,1,0,1,0,0,2
421eNB,1,0,0,0,0,1
VZ92Pg,1,0,0,0,0,1
yl0Vvp,1,1,0,0,0,2
J2V5bo,0,0,0,1,0,1
QAxPXX,0,1,0,0,0,1
dYZBzr,1,0,0,0,0,1
aBj7lZ,0,1,0,0,0,1
dYZBeq,1,0,0,1,0,2
PA2VP1,1,0,0,0,0,1
qbY0XG,1,1,0,0,0,2
7dJ6OZ,0,0,0,1,0,1
rl0zbN,1,1,0,1,0,3
jB01jR,1,0,0,0,0,1
8dJ7Bx,1,0,0,0,0,1
bl2bP2,1,0,0,1,0,2
zK0PpE,1,1,0,0,0,2
YZoL0N,,,,,,0
xd0erk,1,0,0,0,0,1
WAev9L,1,0,0,0,0,1
OAjWlM,1,0,0,0,0,1
yl0W28,1,1,0,1,0,3
421gB5,1,1,0,0,0,2
XeRKeY,1,0,0,0,0,1
6d1XeN,1,0,0,1,0,2
NA4epN,1,0,0,1,0,2
jB0OZ1,1,0,0,0,0,1
RzZ70j,1,0,0,0,0,1
dYZ5bD,1,0,0,0,0,1
LdERNp,1,0,0,0,0,1
aBj8rq,1,0,0,1,0,2
vN0QGX,1,0,0,0,0,1
PA2VKd,1,0,1,1,0,3
421g1O,,,,,,0
VZ9k9a,1,0,0,1,0,2
6d1XRP,1,1,1,0,0,3
ZdGpev,1,0,0,0,0,1
g5QRJ1,1,0,0,1,0,2
0EbpD0,1,0,0,0,0,1
421ga5,1,1,0,0,0,2
0EbpkQ,1,1,0,1,0,3
EPB4JX,1,0,0,0,0,1
KMPqxg,1,0,0,0,0,1
VZ92pM,1,1,1,1,0,4
QAx6zA,1,0,0,0,0,1
ZdGpJo,1,0,0,1,0,2
24bMRg,1,0,0,0,0,1
EPB4Pr,1,1,0,0,0,2
yl0Wkd,1,0,0,1,0,2
dYZ5VV,1,1,0,0,0,2
7dJ852,1,0,0,0,0,1
VZ9ky6,1,1,0,0,0,2
zK0a8M,0,1,1,1,0,3
0EbpWj,1,0,0,1,0,2
yl0W8X,1,1,0,1,0,3
PA2aJe,1,0,0,0,0,1
5dly0Z,1,0,0,0,0,1
VZ9kRv,0,0,0,0,1,1
ZdGpqy,1,0,0,0,0,1
rl0zKv,1,0,0,0,0,1
24bM69,1,0,0,0,0,1
24bMXM,1,1,0,0,0,2
ZdGpAe,1,0,0,0,0,1
24bMBM,1,0,1,0,0,2
24bMKD,1,0,0,0,0,1
eBNdrx,0,0,0,1,0,1
5dlyld,1,0,0,1,0,2
6d1XAe,1,1,1,1,0,4
rl0XqM,1,0,0,0,0,1
Al6V2y,1,0,0,0,0,1
0EbpQP,1,0,0,0,0,1
ZdG06a,1,0,0,0,0,1
EPB2aL,1,0,1,1,0,3
bl2BVe,0,1,0,0,0,1
XeRVlO,0,1,0,0,0,1
OAjpDK,1,0,0,0,0,1
KMP7lD,0,0,1,1,0,2
RzZXGp,1,0,0,0,0,1
dYZLxV,1,0,0,1,0,2
NA4KXN,1,0,0,0,0,1
5dl6vZ,1,0,0,0,0,1
kY0DK1,1,1,0,0,0,2
LdEAbJ,1,1,0,0,0,2
jB0dQ1,1,0,0,0,0,1
24bqre,1,0,0,0,0,1
LdEAEv,1,0,0,0,0,1
jB0d5a,1,0,1,1,0,3
EPBjLB,1,0,0,0,0,1
xd0kZv,1,0,0,1,0,2
421WvY,1,0,0,0,0,1
J2VaJR,1,0,0,0,0,1
xd0kly,1,1,0,1,0,3
aBjb9E,1,1,0,0,0,2
24bqRp,0,1,0,1,0,2
RzZXbd,1,0,0,0,0,1
dYZLJV,1,0,0,0,0,1
ZdG4ya,1,1,1,1,0,4
RzZX9K,0,1,0,0,0,1
24bqlL,0,1,0,0,0,1
BGLOW1,0,0,0,0,1,1
421W6r,1,1,0,0,0,2
OA81Q7,1,0,0,0,0,1
kY0D2o,1,0,0,0,0,1
qbYx9g,1,0,0,0,0,1
WAl9Oj,1,0,0,1,0,2
XeOlxj,1,0,0,0,0,1
pL0jMZ,0,1,0,0,0,1
Rz8KDl,1,0,0,0,0,1
AlWPBB,1,1,0,0,0,2
blNVVL,1,0,0,1,0,2
xd9xaJ,1,1,0,0,0,2
5dEKdb,1,1,0,0,0,2
MA8KaY,1,0,0,0,0,1
WAeGGN,1,1,1,1,0,4
9d2GlK,1,1,0,1,0,3
24O8PA,1,0,0,0,0,1
zKWXbR,1,0,0,0,0,1
jBGDW1,1,0,0,1,0,2
VZoE4y,1,0,0,0,0,1
XeRVRg,0,0,0,1,0,1
yleZ08,1,0,0,0,0,1
VZoEby,1,1,1,1,0,4
g5WjNP,1,0,0,0,0,1
Rz8KZK,1,0,0,0,0,1
Ld51Vj,1,1,0,0,0,2
QA82OG,1,0,0,0,0,1
vNqjz0,1,1,0,0,0,2
vNqj6d,1,0,0,0,0,1
J28KbJ,1,0,0,1,0,2
kYOaKo,1,1,1,0,0,3
blNVJE,1,0,0,1,0,2
1rGP7O,1,0,1,0,0,2
OA81vM,1,1,1,1,0,4
OA81RM,1,0,0,1,0,2
YZVD76,1,1,0,0,0,2
OA81MA,1,1,0,0,0,2
PA8jVx,1,0,1,0,0,2
zKWXB8,1,0,1,1,0,3
MA8K0E,0,1,0,1,0,2
qbjZNG,1,0,0,0,0,1
42PXe5,1,0,1,0,0,2
8djo9k,1,0,1,1,0,3
xd9x9d,1,1,0,1,0,3
zKWXVZ,1,0,0,0,0,1
6dr82B,1,0,0,1,0,2
OA8Dag,1,0,1,1,0,3
5dEBbE,1,1,0,0,0,2
QA8KBk,1,0,1,1,0,3
oAlbEx,,,,,,0
42PXVo,1,0,0,0,0,1
eB9qre,1,0,0,1,0,2
eB9qxo,1,0,0,0,0,1
dYQWYA,1,1,0,1,0,3
g5WD9l,1,1,0,0,0,2
Ld51Zj,1,0,0,0,0,1
NA8pBb,1,1,0,0,0,2
42P41o,1,0,0,0,0,1
AlW7Qe,1,0,0,0,0,1
OA8DVY,1,0,0,0,0,1
PA8dEQ,1,0,1,0,0,2
VZoLb6,0,0,0,0,1,1
aBZQA2,1,1,0,0,0,2
OA8Dka,1,0,0,0,0,1
g5WDkJ,1,1,0,0,0,2
oAlb5N,1,1,0,0,0,2
8dj16r,1,0,0,1,0,2
QA8KkY,1,0,0,1,0,2
rl2jYo,1,1,0,0,0,2
EP8kYr,1,0,0,0,0,1
ylePpg,1,1,0,0,0,2
GrYx7e,0,1,0,1,0,2
8dj1jk,1,1,1,0,0,3
6dr8pN,1,0,0,0,0,1
PA8dLV,1,1,0,1,0,3
DV04PZ,0,1,1,0,0,2
9d2qaV,1,0,0,0,0,1
PA8jy5,1,1,1,0,0,3
XeOxkY,1,1,0,1,0,3
AlW7kW,1,1,1,1,0,4
g5WDB1,1,0,0,0,0,1
VZoLrE,1,0,0,0,0,1
QA8Kgl,1,1,0,0,0,2
YZVjaW,1,0,0,0,0,1
24OEMb,1,0,0,0,0,1
Rz8GXv,0,0,1,1,0,2
vNqjL4,1,0,0,1,0,2
zKWxaE,1,0,0,0,0,1
aBZQ8y,1,0,0,0,0,1
NA8q7O,1,0,1,0,0,2
eB955Q,1,1,0,0,0,2
dYQb6K,0,1,0,0,0,1
aBZNLW,1,1,1,1,0,4
jBGe9E,1,0,1,0,0,2
rl2y5l,1,0,1,1,0,3
KM8plV,1,0,0,0,0,1
ZdP9R0,1,0,0,0,0,1
rl2DLl,1,0,0,1,0,2
aBZOZ9,1,1,0,0,0,2
pL4eJZ,1,0,0,0,0,1
42Pazo,0,1,0,0,0,1
9d2N4K,1,0,0,1,0,2
XeO52V,1,0,0,1,0,2
EP8qA2,1,0,0,0,0,1
EP8zro,1,0,0,0,0,1
AlWPgo,1,1,1,0,0,3
AlWrjN,1,1,0,0,0,2
aBZOvy,1,0,0,1,0,2
xd9xzr,1,0,0,0,0,1
VZopvE,1,0,0,0,0,1
eB9ZWo,0,0,0,0,1,1
24Ojye,1,0,0,0,0,1
8djNDz,1,0,1,0,0,2
eB95oJ,0,0,1,0,0,1
J281Po,1,0,0,0,0,1
Rz8Wyj,1,1,0,1,0,3
PA8RQB,1,0,0,0,0,1
blN5jL,1,1,1,1,0,4
5dEXJ6,1,0,0,1,0,2
xd9x8J,1,0,1,0,0,2
vNqX5D,1,0,0,1,0,2
XeO56Y,1,0,0,0,0,1
xd9Vbv,1,0,0,0,0,1
pL4eYB,1,1,0,0,0,2
NA8qGQ,1,0,0,0,0,1
0EoV9y,1,0,1,1,0,3
J281Nd,1,0,0,0,0,1
DV0q8R,1,0,1,0,0,2
QA8oy1,1,0,0,0,0,1
6drDoB,1,0,0,0,0,1
VZopRa,1,0,0,0,0,1
aBZ95W,0,0,0,1,0,1
9d2GA1,0,1,0,0,0,1
GrY6x2,1,0,0,0,0,1
g5WaaK,1,1,0,0,0,2
BG8EjA,1,0,0,1,0,2
aBZ9GX,1,0,0,1,0,2
aBZOMB,1,0,1,1,0,3
AlWzdy,1,1,1,1,0,4
jBGZ74,1,0,0,0,0,1
rl2Djp,1,0,1,0,0,2
zKWjyE,1,1,0,1,0,3
9d2BvV,0,1,0,0,0,1
KM8za7,1,0,0,0,0,1
GrY6re,1,0,0,0,0,1
OA8aLg,1,0,1,1,0,3
NA8rA0,1,0,0,0,0,1
5dEbDb,1,0,0,0,0,1
jBGZBQ,1,0,0,1,0,2
GrY6JZ,1,0,0,0,0,1
yleXOB,1,0,1,0,0,2
OA8akK,1,0,0,1,0,2
jBGZvR,1,0,0,0,0,1
GrY6Xp,1,0,0,0,0,1
zKWjd1,1,0,0,0,0,1
Ld59k1,1,1,0,0,0,2
MA81dX,1,0,0,0,0,1
J28qao,1,1,1,1,0,4
5dEbNZ,1,0,0,0,0,1
VZoGry,1,0,0,1,0,2
6drDqP,1,0,0,1,0,2
1rGXe1,1,1,0,0,0,2
PA8pVV,1,1,0,0,0,2
AlWKzk,1,0,0,0,0,1
lNVBok,1,0,0,1,0,2
PA8pVe,1,0,0,0,0,1
zKWNxa,1,1,1,1,0,4
0Eo7O0,1,0,0,1,0,2
9d2XD4,1,0,0,0,0,1
VZojZl,1,0,1,1,0,3
NA8DVN,1,0,0,0,0,1
7d4bx9,1,0,0,0,0,1
qbjab8,1,0,0,0,0,1
jBGby9,1,0,0,1,0,2
zKWNKE,0,0,1,0,0,1
Ld5zz1,1,0,0,1,0,2
XeOrQg,0,0,0,1,0,1
dYQN8K,0,1,0,0,0,1
rl2Bgl,1,1,0,1,0,3
5dE4eE,1,1,1,1,0,4
QA8Mk7,1,1,0,0,0,2
g5WD6d,1,1,0,0,0,2
jBGaVR,1,0,1,0,0,2
Rz8dZK,0,0,0,1,0,1
42PBdO,1,0,0,0,0,1
GrYxZ2,1,0,0,0,0,1
GrYKgp,1,0,0,1,0,2
NA8Ddl,1,0,0,0,0,1
DV0Kbq,1,0,1,0,0,2
oAlDkx,1,0,0,0,0,1
kYOb9r,0,0,1,0,0,1
OA8lg7,1,0,0,0,0,1
VZoGJ6,0,0,0,1,0,1
VZojqJ,1,0,0,0,0,1
42PQRd,1,0,0,0,0,1
qbja4Y,1,0,0,1,0,2
Rz8KWd,1,0,0,1,0,2
VZoL46,1,1,0,0,0,2
WAl9ee,1,0,0,1,0,2
PA8Dq0,0,1,0,0,0,1
YZVR8v,1,0,0,0,0,1
5dE4Ab,1,1,0,1,0,3
oAlD8M,0,0,0,0,1,1
1rGk8b,1,0,0,0,0,1
rl2BZL,1,1,0,1,0,3
vNqer0,1,0,0,0,0,1
PA815b,1,1,0,0,0,2
WAlEEN,1,1,1,0,0,3
kYOe7j,1,1,0,0,0,2
pL4y0y,,,,,,0
NA8lDl,1,0,0,0,0,1
qbjDWk,1,0,0,0,0,1
XeOJMV,1,0,0,0,0,1
1rGdKM,1,0,0,1,0,2
WAlrbP,1,0,0,1,0,2
7d4L12,1,1,1,0,0,3
J28p8z,1,1,0,0,0,2
pL4y4y,1,0,0,1,0,2
oAle1P,0,0,0,1,0,1
DV0kER,1,1,0,1,0,3
AlW2vk,1,1,1,0,0,3
MA8N0g,1,0,0,0,0,1
EP8dVX,1,0,0,0,0,1
oAleL1,1,1,0,0,0,2
9d2ZNX,0,1,0,0,0,1
NA8l2Q,1,1,0,0,0,2
8djaYO,1,0,0,0,0,1
6drjXo,1,1,0,1,0,3
PA81MP,1,0,0,0,0,1
EP8d7o,1,0,1,0,0,2
1rGdqL,1,0,0,0,0,1
xd9Dxk,1,0,0,0,0,1
BG8pae,1,0,0,0,0,1
pL4y8E,1,0,1,1,0,3
24OABe,1,1,1,1,0,4
rl2Bzo,1,1,1,0,0,3
ZdPO2B,1,1,0,1,0,3
kYOGdZ,1,1,0,0,0,2
zKWy91,1,1,0,0,0,2
eB9rLO,1,0,0,0,0,1
9d2Z6G,1,0,0,0,0,1
pL4or1,1,0,0,0,0,1
dYQ0DA,1,0,0,0,0,1
1rG4xb,1,0,0,0,0,1
5dE9EP,1,0,0,0,0,1
9d2ZjQ,,,,,,0
24OALV,1,0,0,0,0,1
pL4o2J,,,,,,0
8djLyl,1,0,0,0,0,1
0Eo859,1,1,0,0,0,2
9d2Zp1,1,0,0,1,0,2
oAlRqe,1,1,0,0,0,2
6drK0J,1,0,1,1,0,3
lNVO4V,1,0,0,1,0,2
AlWp9o,1,0,0,0,0,1
EP8lO4,1,0,0,0,0,1
g5Wqll,1,1,1,1,0,4
8djL45,1,1,1,0,0,3
VZoPrv,1,1,0,0,0,2
rl2oD5,1,1,1,0,0,3
XeO40z,1,1,0,0,0,2
oAl26X,1,0,1,1,0,3
DV07Bp,1,0,0,0,0,1
NA87DN,1,0,0,0,0,1
MA8Ezl,1,0,0,1,0,2
5dE9DN,1,0,0,0,0,1
jBGlx4,1,0,0,0,0,1
blNWNg,1,0,0,0,0,1
GrYRLk,1,0,0,0,0,1
GrYR0k,1,0,0,1,0,2
MA8EAk,1,1,1,0,0,3
OA8787,1,0,1,1,0,3
24OKL9,1,1,1,0,0,3
pL4D9E,1,0,1,0,0,2
VZozlM,1,0,1,0,0,2
vNqPqv,1,0,0,0,0,1
kYONrJ,1,0,1,0,0,2
aBZ2lE,1,0,0,0,0,1
BG8xbQ,1,0,0,0,0,1
AlWB5N,1,0,0,0,0,1
DV076l,1,1,0,0,0,2
Rz8D9K,1,0,0,0,0,1
jBGl1a,1,0,1,0,0,2
AlWB1D,1,0,0,0,0,1
24OK29,1,1,0,0,0,2
24OPPA,1,0,0,1,0,2
g5WGdN,1,1,0,0,0,2
7d4xXA,1,0,0,1,0,2
ZdPaNA,1,0,0,1,0,2
ZdPadA,1,0,0,0,0,1
eB9R6J,1,0,0,0,0,1
VZoJ4g,1,0,0,0,0,1
ZdPaGe,1,0,0,0,0,1
zKWYR1,1,0,0,1,0,2
1rGV6p,1,1,0,0,0,2
BG87r1,1,0,0,0,0,1
PA8OJ0,1,0,0,1,0,2
QA8V6X,1,0,0,0,0,1
WAlzbQ,1,1,0,1,0,3
vNqyev,0,1,1,0,0,2
aBZY5v,1,0,0,0,0,1
8djQeY,1,0,0,0,0,1
9d2D11,0,1,0,0,0,1
PA8595,1,1,0,0,0,2
XeOWRe,1,1,0,0,0,2
qbjAN9,,,,,,0
42PxP5,1,1,1,1,0,4
oAlMgx,1,0,0,1,0,2
lNVdxp,1,0,0,1,0,2
6dr2Be,1,0,0,1,0,2
42PxMB,1,1,0,0,0,2
0Eo6NQ,,,,,,0
zKWDg0,1,0,0,0,0,1
6dr2lO,1,0,0,1,0,2
EP8WgN,1,1,0,1,0,3
Ld5WAz,0,0,0,1,0,1
MA8bXl,1,0,0,1,0,2
jBGQK9,1,0,0,0,0,1
7d4Ng6,0,0,0,1,0,1
NA86q0,1,0,0,0,0,1
Rz80oj,1,1,0,0,0,2
GrYz6e,1,1,0,0,0,2
rl2AgR,0,1,1,1,0,3
NA86AB,0,1,1,1,0,3
24Oeej,1,1,0,0,0,2
DV0Nvb,1,0,0,1,0,2
zKWD61,1,0,0,0,0,1
Ld5b5O,1,1,0,1,0,3
24OerL,1,1,0,0,0,2
QA8DA8,1,1,0,0,0,2
Rz80VP,1,0,0,0,0,1
AlWd4N,1,0,0,0,0,1
8djKEr,1,1,0,0,0,2
24OeoM,1,1,0,0,0,2
yle6oW,0,0,1,1,0,2
NA8oKO,1,0,0,1,0,2
5dEzOQ,1,0,0,0,0,1
0Eox59,1,1,0,0,0,2
Rz80kv,1,0,0,1,0,2
7d4WYR,1,0,1,0,0,2
oAlyxN,1,0,0,1,0,2
OA8zZg,1,1,1,0,0,3
1rGlOb,1,0,0,0,0,1
OA8zpp,1,0,0,0,0,1
GrYz2j,1,0,0,1,0,2
PA8Add,1,0,0,1,0,2
dYQ6Jo,1,0,0,1,0,2
aBZBNE,0,1,0,0,0,1
jBGB6Y,1,1,0,0,0,2
ylelXW,0,0,1,0,0,1
AlWdeD,0,1,0,0,0,1
VZoZYg,1,1,0,0,0,2
ylelvg,1,1,1,1,0,4
VZoZvv,0,0,0,1,0,1
qbjbj7,1,0,0,0,0,1
Rz8zrp,0,0,0,1,0,1
oAlALb,1,0,0,0,0,1
ylelyX,1,0,1,1,0,3
42P20r,1,1,0,0,0,2
1rGVNl,1,0,0,1,0,2
ylelbd,1,0,0,0,0,1
YZVORq,1,0,0,1,0,2
24OkKb,1,0,1,1,0,3
ZdPV6A,1,0,0,0,0,1
jBGM04,1,0,0,0,0,1
0EoMMA,1,0,0,0,0,1
dYQAjr,1,0,0,0,0,1
YZVOYN,1,0,0,0,0,1
rl2Kql,1,0,0,0,0,1
DV010Z,1,0,0,1,0,2
KM8oBX,1,1,0,0,0,2
g5WA1N,1,1,0,0,0,2
8djkWx,1,1,1,1,0,4
GrY142,1,0,0,0,0,1
Ld5GRl,1,0,1,0,0,2
PA8Exx,1,1,0,0,0,2
7d4ZRR,1,0,0,1,0,2
xd9ZYo,1,0,0,1,0,2
GrY1GO,1,0,0,0,0,1
0EoPBN,1,1,0,0,0,2
eB9EEo,0,0,1,0,0,1
24OrLb,1,0,0,0,0,1
YZVdVv,0,0,0,1,0,1
PA80Pe,1,1,1,0,0,3
J280BR,1,1,1,1,0,4
oAlO1e,1,0,0,0,0,1
zKWe98,1,0,0,0,0,1
xd9Z7o,1,0,0,1,0,2
yleDb4,1,0,0,0,0,1
7d4NML,1,1,0,1,0,3
24Or0b,1,0,0,0,0,1
QA80QA,1,0,0,1,0,2
KM80XK,1,1,1,1,0,4
8djGNl,1,0,0,0,0,1
oAlOxx,1,1,1,0,0,3
oAloDO,0,0,0,1,0,1
OA80vA,1,0,0,0,0,1
Rz8L7Q,1,1,0,1,0,3
0EoLb0,1,1,1,0,0,3
GrYLqQ,1,0,0,0,0,1
KM8Lgg,1,1,1,1,0,4
zKWJ7k,1,1,1,1,0,4
dYQjYd,1,1,0,0,0,2
AlWDde,1,0,0,0,0,1
WAlYYN,0,0,0,0,1,1
5dEvMP,1,1,1,1,0,4
YZVYvz,1,0,0,0,0,1
dYQjpN,1,1,1,0,0,3
EP8Dr2,1,0,0,0,0,1
NA8Y1O,1,0,0,0,0,1
OA8Yxa,1,0,0,0,0,1
42PveX,1,1,0,0,0,2
eB92Gx,1,1,1,1,0,4
GrYDNp,1,0,0,0,0,1
oAldrV,1,1,1,1,0,4
NA8Yvp,1,0,1,0,0,2
kYOWV1,1,0,0,1,0,2
qbjKvY,1,0,0,1,0,2
DV0JEj,0,1,0,0,0,1
pL472P,1,1,0,1,0,3
yleEB8,1,1,0,0,0,2
42PoWY,1,1,1,1,0,4
0Eo8pZ,0,0,1,0,0,1
NA805j,1,0,0,0,0,1
jBG96E,1,1,0,0,0,2
zKWQja,1,0,0,0,0,1
42PN8B,1,0,0,0,0,1
42PN2B,1,0,0,0,0,1
GrYBJQ,1,0,0,1,0,2
WAlpBj,,,,,,0
VZo1bM,1,0,0,0,0,1
EP8bar,1,1,1,0,0,3
8djpW5,1,1,0,0,0,2
kYORko,1,1,1,1,0,4
VZo1BJ,1,1,1,0,0,3
J28kGo,1,0,1,0,0,2
vNqxbv,1,0,0,0,0,1
vNqxp0,1,1,0,0,0,2
AlWbko,0,1,0,0,0,1
0EojW0,1,0,0,0,0,1
VZo1el,1,0,0,0,0,1
lNVlPX,1,0,0,1,0,2
Ld5MLO,1,1,1,1,0,4
aBZjQZ,1,0,0,1,0,2
XeOBKz,1,0,0,0,0,1
xd90dy,0,1,0,0,0,1
jBG0la,1,0,0,1,0,2
vNq0Xl,1,0,0,0,0,1
XeORJY,1,0,0,0,0,1
6dr1OO,0,1,0,0,0,1
GrYoqQ,1,1,1,0,0,3
VZo946,0,1,0,0,0,1
1rGbOg,1,0,1,0,0,2
AlW6Nz,1,0,0,0,0,1
eB9Nlk,1,1,0,1,0,3
Rz8Z7p,0,1,0,0,0,1
PA82QV,1,1,1,1,0,4
VZo91E,1,0,0,0,0,1
J288qz,1,1,1,1,0,4
Rz88xv,0,0,0,1,0,1
24OOAe,1,0,0,1,0,2
6drrRk,1,0,0,0,0,1
xd99Ny,1,0,0,0,0,1
J288B7,1,0,0,0,0,1
DV00VZ,1,1,0,0,0,2
MA88WM,1,1,0,0,0,2
vNqq14,1,0,0,0,0,1
xd99Gr,1,1,0,0,0,2
7d4JOR,1,0,0,0,0,1
5dE89b,1,0,0,0,0,1
VZovVj,1,0,0,0,0,1
oAlKke,1,0,0,1,0,2
42PAoA,1,0,1,1,0,3
YZVpBz,1,0,0,0,0,1
WAlD0e,1,0,0,0,0,1
aBZAYE,1,1,0,0,0,2
5dEeb6,1,1,1,1,0,4
aBZK8b,1,1,1,1,0,4
7d4aDz,1,1,0,1,0,3
xd9R4v,1,0,0,0,0,1
zKWGyq,0,0,0,1,0,1
aBZAD2,1,1,0,0,0,2
BG8jLe,1,1,1,1,0,4
6drWyB,0,0,1,0,0,1
NA8Mj0,1,0,0,0,0,1
GrYq4p,1,0,0,0,0,1
aBZAWW,1,0,0,1,0,2
jBGkaJ,0,0,0,0,1,1
8djRol,1,0,0,1,0,2
g5WkQK,1,0,0,1,0,2
vNqdzg,1,0,0,1,0,2
PA8GWe,1,0,0,1,0,2
zKWLyk,1,1,0,1,0,3
eB9v7O,1,0,0,0,0,1
YZVkOB,1,1,1,1,0,4
blNvR1,1,1,0,1,0,3
lNVvz6,1,0,0,1,0,2
QA8kPp,1,0,0,0,0,1
0EoaXN,1,1,1,0,0,3
9d24ZK,0,1,0,0,0,1
24O70L,0,0,0,1,0,1
lNVv5V,1,0,0,0,0,1
BG8eRe,1,1,0,0,0,2
Ld5oZj,1,0,0,1,0,2
KM8R9z,1,0,0,0,0,1
ylegqW,1,0,0,1,0,2
jBGgEQ,1,0,1,0,0,2
7d4jzR,1,1,1,0,0,3
NA8gMW,1,1,1,0,0,3
0EolEy,1,1,1,1,0,4
vNqpVl,,,,,,0
rl2pWX,1,1,1,1,0,4
24OZrj,1,1,0,0,0,2
24OZ99,1,0,0,0,0,1
GrYyvj,1,0,0,0,0,1
aBZo4W,1,0,0,1,0,2
GrYyv2,1,0,0,0,0,1
oAlpr1,1,0,0,0,0,1
blNyVg,1,0,0,0,0,1
kYOQN1,1,0,0,0,0,1
DV0Py5,1,0,0,0,0,1
KM8Nkg,0,0,0,0,1,1
MA82rp,1,1,1,0,0,3
KM8718,1,0,0,0,0,1
DVABNq,1,1,0,0,0,2
PAvpP1,1,0,1,1,0,3
aBK9lZ,1,0,0,0,0,1
7d1qYZ,1,1,1,0,0,3
aBK5GX,1,1,0,1,0,3
241AGA,1,0,0,0,0,1
oAK2l5,1,1,0,1,0,3
eBKaMk,1,1,0,0,0,2
g5Y9XO,1,1,1,1,0,4
AlAB5z,1,1,0,0,0,2
oAKGpN,1,1,0,0,0,2
zK2YQq,1,1,0,1,0,3
dYKdod,1,1,1,1,0,4
7d1xrR,1,0,1,0,0,2
aBKYRX,1,0,0,0,0,1
oAKMjb,1,1,0,0,0,2
kYKybM,1,1,0,0,0,2
WADNek,,,,,,0
NAM6Yp,1,1,1,1,0,4
jB5yQ9,1,1,0,0,0,2
yljly0,1,1,0,1,0,3
oAKBJe,1,0,0,0,0,1
eBKAGk,1,1,0,1,0,3
KMv6KK,1,1,1,0,0,3
vNE2Zl,1,1,0,0,0,2
KMvLNM,1,1,0,1,0,3
lNKWjB,1,1,1,0,0,3
PAvXE5,1,0,0,0,0,1
9dpvKG,1,0,0,0,0,1
0E1vgN,1,1,1,1,0,4
OAdJzR,1,1,1,0,0,3
pLRWYb,1,1,0,1,0,3
5d8GLd,1,0,0,0,0,1
1rDJYl,1,0,0,0,0,1
241vE9,1,1,0,0,0,2
rlGraX,1,0,0,0,0,1
KMvJZX,1,0,0,0,0,1
BGADYN,1,0,0,0,0,1
g5YNYd,1,0,0,0,0,1
YZpzy0,1,1,0,0,0,2
OAdBMa,1,1,1,1,0,4
dYK2oV,1,0,0,0,0,1
vNE0Dd,1,1,1,0,0,3
J2XkXd,1,0,0,0,0,1
vNE0Y8,1,0,0,0,0,1
DVAXPb,1,1,0,0,0,2
EPv8WN,1,0,0,0,0,1
YZpVlq,1,0,0,0,0,1
jB5MEY,1,0,0,0,0,1
42AA2k,1,1,0,1,0,3
DVAAYl,1,1,0,0,0,2
g5YW51,1,0,0,0,0,1
WADM8v,1,1,0,1,0,3
NAMbXp,,,,,,0
1rDDZO,1,0,0,0,0,1
qboJdg,1,0,1,0,0,2
0E11K6,1,0,0,0,0,1
pLRJ9y,1,0,1,1,0,3
QAvzjk,1,0,0,0,0,1
EPvZjN,1,1,1,1,0,4
xd4RKr,1,0,0,1,0,2
42Ap4O,1,1,0,0,0,2
0E1D5Z,1,1,0,0,0,2
g5YkOd,1,1,1,0,0,3
ZdvD8z,1,0,1,1,0,3
lNKMov,1,1,0,0,0,2
rlGJKR,1,1,0,0,0,2
RzvkQl,1,1,0,1,0,3
241oZD,1,0,0,0,0,1
aBKzLq,1,1,1,1,0,4
Xe1QPj,1,1,1,0,0,3
GrX79O,1,0,0,0,0,1
DVAW05,1,1,0,0,0,2
MAvG7g,1,0,0,0,0,1
QAv458,0,0,1,1,0,2
KMvO2z,1,1,0,0,0,2
8dAEWk,1,1,0,0,0,2
VZvdYN,1,0,1,1,0,3
BGADV5,1,0,0,0,0,1
yljg5d,1,0,0,0,0,1
pLR9Z1,1,0,0,1,0,2
pLR1jb,1,0,0,1,0,2
g5YxdK,1,1,1,0,0,3
7d1ge9,1,1,0,0,0,2
oAKaVP,1,0,0,0,0,1
ZdvLxe,1,0,0,0,0,1
lNK9jV,1,0,0,0,0,1
PAvLGe,1,1,0,0,0,2
Xe1dzY,1,0,0,0,0,1
6dAGGe,1,0,0,1,0,2
7d1YLZ,1,0,0,0,0,1
vNEaD0,1,1,0,0,0,2
pLRNKb,0,1,0,0,0,1
zK2AN0,1,0,0,0,0,1
LdvjJ2,1,0,0,1,0,2
DVAoQj,1,0,0,0,0,1
xd4bKy,1,0,0,0,0,1
blKRbo,1,1,1,1,0,4
xd48r9,1,0,0,1,0,2
9dp0bY,1,1,0,0,0,2
Rzvqrp,0,0,0,1,0,1
GrXOqp,1,1,0,1,0,3
0E1qKB,1,0,0,0,0,1
GrXOXp,,,,,,0
7d1rKL,1,0,0,1,0,2
Zdvr9y,1,0,0,0,0,1
vNE5Og,1,0,0,1,0,2
8dA45x,1,0,0,0,0,1
Xe1PKP,1,0,0,0,0,1
g5Y6KP,1,1,0,0,0,2
pLR20y,0,1,0,0,0,1
RzvqeQ,1,0,1,1,0,3
8dABok,1,0,0,0,0,1
8dAB1r,1,0,0,0,0,1
OAd2ZY,1,0,0,0,0,1
kYK2lj,1,0,1,1,0,3
RzvADQ,1,1,1,1,0,4
9dp82p,1,1,0,0,0,2
NAMaMQ,,,,,,0
pLRElV,1,0,0,0,0,1
241pJj,1,0,0,0,0,1
jB5KdJ,1,0,0,0,0,1
eBKxvq,1,0,0,1,0,2
dYKPVN,1,1,0,0,0,2
GrYYvz,1,0,0,0,0,1
jB5Ne4,1,0,1,0,0,2
5d8Rbo,1,0,0,0,0,1
7d1GbZ,1,0,0,0,0,1
OAdOL8,1,0,0,0,0,1
blK0G0,1,0,1,0,0,2
xd4kxy,1,1,0,1,0,3
g5YRyl,1,0,0,0,0,1
Xe1KVj,1,0,0,0,0,1
VZvREv,1,1,0,1,0,3
zK2p0M,1,0,0,0,0,1
J2XaDr,1,0,0,1,0,2
pLRj4B,1,1,0,1,0,3
yljKbW,1,0,0,0,0,1
VZvRWl,1,0,0,0,0,1
blY5eZ,1,1,0,0,0,2
Al47oW,1,1,0,0,0,2
lNYaNN,1,0,0,0,0,1
WAKOvP,1,0,0,1,0,2
8d6Nxl,1,0,0,0,0,1
jBJeBJ,1,0,0,0,0,1
QAz1z7,1,1,0,0,0,2
lNYBPN,1,0,0,0,0,1
PAbpo1,1,0,0,0,0,1
1rNdW1,1,0,0,0,0,1
oA5EQ1,1,1,1,0,0,3
KMW55V,1,1,0,0,0,2
Zd1Eao,1,1,1,0,0,3
VZbQlv,0,0,1,0,0,1
rlJOM2,1,0,0,0,0,1
8d6ZNA,,,,,,0
NAbX0l,1,0,0,0,0,1
DVxplq,1,1,0,0,0,2
Xe84rd,1,0,0,0,0,1
blYW2Z,1,1,0,0,0,2
NAb78l,0,1,1,0,0,2
oA5285,1,1,0,0,0,2
eB0aEx,0,1,0,0,0,1
vNJP54,1,1,1,1,0,4
RzbPjj,1,0,0,1,0,2
oA5GOM,1,0,1,0,0,2
Al4vRB,0,1,1,1,0,3
9dRQYG,1,1,0,0,0,2
24lNeL,1,1,1,1,0,4
9dRDjY,0,1,0,0,0,1
NAb6Pb,1,1,0,1,0,3
dY86Dq,1,0,0,0,0,1
vNJA6l,1,1,0,0,0,2
OAbzv7,1,1,1,1,0,4
eB0BZq,1,1,0,1,0,3
BGjXPN,0,0,0,1,0,1
9dRdbV,1,0,0,0,0,1
DVx1aR,1,0,0,0,0,1
J2eDgY,1,0,0,0,0,1
GrqJeo,1,0,0,0,0,1
Xe8YXY,0,1,1,0,0,2
VZbMby,1,0,0,1,0,2
RzbJ9v,1,0,0,0,0,1
VZb1Wv,1,0,0,1,0,2
qbJoAk,,,,,,0
xdR4ro,1,0,0,0,0,1
PAbvbe,1,0,0,0,0,1
rlJGpv,1,0,1,1,0,3
VZbv6N,1,0,0,1,0,2
24l1RL,1,0,0,0,0,1
OAbV78,1,0,0,0,0,1
xdRgQy,1,0,0,1,0,2
5de0vv,1,0,1,1,0,3
g5JybJ,1,0,0,0,0,1
42p4kd,1,1,0,0,0,2
42paed,1,0,0,0,0,1
eB0ezx,1,1,1,0,0,3
Ld69rj,1,1,0,0,0,2
aBaYav,1,1,0,0,0,2
DVZNMN,1,0,0,0,0,1
eBYArx,1,0,0,0,0,1
AljJve,1,1,0,1,0,3
J2WRlr,1,1,1,1,0,4
7dpxRz,1,0,0,0,0,1
PAGExV,1,0,0,0,0,1
PAG05P,1,1,0,0,0,2
8dRe5Y,1,0,0,0,0,1
RzVLkd,1,0,1,1,0,3
Xe2EGV,1,0,1,1,0,3
42pjyB,1,1,1,0,0,3
1rpMZg,0,1,0,0,0,1
GrQL1z,1,0,0,0,0,1
qbkKrG,1,0,0,1,0,2
rlkdNv,1,0,0,1,0,2
OAoB5M,1,0,0,1,0,2
bl62ee,1,0,0,1,0,2
GrQYrj,1,1,0,0,0,2
bl6Nr2,1,0,1,0,0,2
YZxV75,1,0,0,1,0,2
8dRAxz,1,0,1,0,0,2
BG2jrR,1,0,0,0,0,1
BG2j71,1,1,0,0,0,2
lNMvqk,0,0,0,0,1,1
5dpOVM,1,0,0,0,0,1
jBkEvR,1,0,0,1,0,2
ZdZWkv,1,1,0,0,0,2
dYkpxA,1,0,0,0,0,1
0EDlP0,1,0,0,0,0,1
42pdPB,1,1,0,0,0,2
zK1oKM,1,1,0,0,0,2
24Dylp,1,0,0,1,0,2
QAOaNl,1,0,0,0,0,1
KMaZGk,1,0,0,0,0,1
24DYOb,1,0,0,0,0,1
24DYpV,,,,,,0
KMa2YK,1,1,0,0,0,2
dYkJoN,1,0,0,0,0,1
Ld6L9j,1,1,1,1,0,4
blYxP2,1,0,1,0,0,2
KMaj18,1,0,0,1,0,2
24DOYj,1,1,0,1,0,3
dYkydo,1,1,1,1,0,4
Ld68Ay,1,0,0,0,0,1
RzVOOv,1,0,0,1,0,2
yldOGB,1,1,0,1,0,3
oAkX95,1,0,0,0,0,1
Ld6lQ2,1,1,1,1,0,4
oAkXAP,1,1,0,0,0,2
aBa8l9,1,0,0,1,0,2
qbkxdk,1,1,0,0,0,2
lNMoMv,1,1,0,0,0,2
J2Wa7X,1,0,0,0,0,1
J2M1ko,1,0,1,0,0,2
7dMLqa,1,1,1,0,0,3
42zJob,1,0,0,0,0,1
MAMNrY,1,1,0,0,0,2
eBvrAl,,,,,,0
BG0pZK,1,0,0,0,0,1
VZDzDg,1,1,0,0,0,2
ZdDdjy,1,1,0,1,0,3
pLvp8J,1,0,0,1,0,2
J2M4vz,1,1,1,0,0,3
lNvxGB,1,1,0,0,0,2
jBv18R,1,0,0,0,0,1
42zgZb,1,1,0,0,0,2
BG0OK1,1,1,1,1,0,4
24o8aA,1,0,0,0,0,1
kYzalJ,1,0,0,1,0,2
42OQ7r,1,0,0,0,0,1
NAPD6p,1,0,0,0,0,1
zKdykZ,1,0,0,0,0,1
RzjoPd,1,0,0,0,0,1
jBzo99,1,0,0,0,0,1
Grb9O2,1,1,1,1,0,4
g5z9gM,1,0,0,0,0,1
OAE5V7,1,0,1,0,0,2
5dVzNP,1,0,0,1,0,2
DVaVJ5,1,0,0,1,0,2
7dEobZ,1,0,0,1,0,2
9d4vR4,,,,,,0
vNzL7d,1,0,0,0,0,1
GrbJYp,1,0,0,0,0,1
Al96kN,1,0,0,1,0,2
MAV78l,,,,,,0
Al9jbl,1,0,0,0,0,1
24oDgL,1,0,0,0,0,1
blzzoL,1,1,0,0,0,2
VZNxYM,1,0,0,0,0,1
DVaWjl,1,0,1,1,0,3
KMGOe7,1,0,0,1,0,2
blzgY1,1,0,0,1,0,2
KMGOjK,1,0,0,1,0,2
LdOgG1,1,0,0,0,0,1
yl1GZ8,1,0,0,0,0,1
Zdegkz,1,0,1,1,0,3
BGe5v5,1,0,0,0,0,1
eBz8bE,1,0,0,1,0,2
xdz8yk,1,1,0,0,0,2
oAzL9x,1,0,0,0,0,1
0EkEeB,1,1,0,0,0,2
QA4GOY,1,0,1,0,0,2
9d4eBQ,0,1,0,0,0,1
rlYNrp,1,1,1,0,0,3
rlqy52,1,0,0,0,0,1
qbN5N7,1,0,0,0,0,1
AlQKkB,1,1,0,0,0,2
8dEazr,1,1,0,0,0,2
DVWzjb,0,0,0,0,1,1
oAxM95,0,1,0,0,0,1
lN4RDV,1,1,0,0,0,2
jBEq21,1,0,0,0,0,1
QAEpMA,1,0,1,0,0,2
xd67ZE,1,0,0,0,0,1
WAZarR,,,,,,0
OAVNZK,1,0,0,1,0,2
jBEVgx,1,0,0,0,0,1
aBlMgq,1,0,0,1,0,2
oAxPWX,1,0,0,0,0,1
qbN99Y,1,0,0,0,0,1
Ldo8Pz,1,1,0,1,0,3
0EAKN6,0,0,0,0,1,1
J2BN4o,1,1,1,1,0,4
9dxN61,1,1,0,0,0,2
xdgr4o,1,0,0,0,0,1
LdVpav,1,1,0,0,0,2
BG67VA,1,1,0,0,0,2
Xe90az,1,0,1,1,0,3
1rO7Wp,1,0,0,0,0,1
dYzkGz,1,0,0,0,0,1
kYgAej,1,0,0,0,0,1
1rOvvQ,1,1,0,1,0,3
1rOvMQ,1,1,0,0,0,2
Rz2JQv,1,0,0,0,0,1
ZdWzBV,1,0,0,0,0,1
24VxvM,1,0,0,1,0,2
pL54N8,1,1,0,1,0,3
QAjOAg,1,1,0,0,0,2
42EpEY,1,0,0,0,0,1
PA44VP,1,0,0,0,0,1
vNgpPD,1,0,0,0,0,1
g5ggRM,1,1,1,1,0,4
rlgbDN,1,0,0,0,0,1
0EGYe9,1,0,0,0,0,1
